Date,SignalSource,Pattern,SignalType,EMA_Trend,MACD_Trend,RSI_State,CMF_State,Move_1D,Move_2D,Move_3D,Direction_1D,Direction_2D,Direction_3D,Symbol,Company,SuccessFlag_1D,SuccessFlag_2D,SuccessFlag_3D
2021-01-01,Indicator,EMA_Trend,Bearish,Bearish,Bearish,Neutral,Negative,-0.0356330338569294,-0.02880961310696495,-0.05534492615740638,-1,-1,-1,FCL,,1,1,1
2021-01-01,Indicator,MACD_Trend,Bearish,Bearish,Bearish,Neutral,Negative,-0.0356330338569294,-0.02880961310696495,-0.05534492615740638,-1,-1,-1,FCL,,1,1,1
2021-01-01,Indicator,CMF_State,Negative,Bearish,Bearish,Neutral,Negative,-0.0356330338569294,-0.02880961310696495,-0.05534492615740638,-1,-1,-1,FCL,,0,0,0
2021-01-04,Indicator,EMA_Trend,Bearish,Bearish,Bearish,Neutral,Negative,0.0070755438432885676,-0.02044024006682188,-0.014937059292992494,1,-1,-1,FCL,,0,1,1
2021-01-04,Indicator,MACD_Trend,Bearish,Bearish,Bearish,Neutral,Negative,0.0070755438432885676,-0.02044024006682188,-0.014937059292992494,1,-1,-1,FCL,,0,1,1
2021-01-04,Indicator,CMF_State,Negative,Bearish,Bearish,Neutral,Negative,0.0070755438432885676,-0.02044024006682188,-0.014937059292992494,1,-1,-1,FCL,,0,0,0
2021-01-05,Indicator,EMA_Trend,Bearish,Bearish,Bearish,Neutral,Negative,-0.027322462627880184,-0.021857946279059348,-0.0476190929966569,-1,-1,-1,FCL,,1,1,1
2021-01-05,Indicator,MACD_Trend,Bearish,Bearish,Bearish,Neutral,Negative,-0.027322462627880184,-0.021857946279059348,-0.0476190929966569,-1,-1,-1,FCL,,1,1,1
2021-01-05,Indicator,CMF_State,Negative,Bearish,Bearish,Neutral,Negative,-0.027322462627880184,-0.021857946279059348,-0.0476190929966569,-1,-1,-1,FCL,,0,0,0
2021-01-06,Candlestick,CDL_BULLISH_ENGULFING,Bearish,Bearish,Bearish,Neutral,Negative,0.005618014335546873,-0.02086676168508228,-0.05858744391461179,1,-1,-1,FCL,,0,1,1
2021-01-06,Indicator,EMA_Trend,Bearish,Bearish,Bearish,Neutral,Negative,0.005618014335546873,-0.02086676168508228,-0.05858744391461179,1,-1,-1,FCL,,0,1,1
2021-01-06,Indicator,MACD_Trend,Bearish,Bearish,Bearish,Neutral,Negative,0.005618014335546873,-0.02086676168508228,-0.05858744391461179,1,-1,-1,FCL,,0,1,1
2021-01-06,Indicator,CMF_State,Negative,Bearish,Bearish,Neutral,Negative,0.005618014335546873,-0.02086676168508228,-0.05858744391461179,1,-1,-1,FCL,,0,0,0
2021-01-07,Indicator,EMA_Trend,Bearish,Bearish,Bearish,Neutral,Negative,-0.02633681541408006,-0.06384676620235541,0.029529105012980894,-1,-1,1,FCL,,1,1,0
2021-01-07,Indicator,MACD_Trend,Bearish,Bearish,Bearish,Neutral,Negative,-0.02633681541408006,-0.06384676620235541,0.029529105012980894,-1,-1,1,FCL,,1,1,0
2021-01-07,Indicator,CMF_State,Negative,Bearish,Bearish,Neutral,Negative,-0.02633681541408006,-0.06384676620235541,0.029529105012980894,-1,-1,1,FCL,,0,0,0
2021-01-08,Indicator,EMA_Trend,Bearish,Bearish,Bearish,Neutral,Negative,-0.03852456514952618,0.05737704918032782,0.023770504310482776,-1,1,1,FCL,,1,0,0
2021-01-08,Indicator,MACD_Trend,Bearish,Bearish,Bearish,Neutral,Negative,-0.03852456514952618,0.05737704918032782,0.023770504310482776,-1,1,1,FCL,,1,0,0
2021-01-08,Indicator,CMF_State,Negative,Bearish,Bearish,Neutral,Negative,-0.03852456514952618,0.05737704918032782,0.023770504310482776,-1,1,1,FCL,,0,0,0
2021-01-11,Indicator,EMA_Trend,Bearish,Bearish,Bearish,Neutral,Negative,0.0997442169125915,0.06479111915084657,0.07416877000764766,1,1,1,FCL,,0,0,0
2021-01-11,Indicator,MACD_Trend,Bearish,Bearish,Bearish,Neutral,Negative,0.0997442169125915,0.06479111915084657,0.07416877000764766,1,1,1,FCL,,0,0,0
2021-01-11,Indicator,CMF_State,Negative,Bearish,Bearish,Neutral,Negative,0.0997442169125915,0.06479111915084657,0.07416877000764766,1,1,1,FCL,,0,0,0
2021-01-12,Indicator,EMA_Trend,Bearish,Bearish,Bearish,Neutral,Negative,-0.03178293390791542,-0.023255813953488413,-0.036434084870094474,-1,-1,-1,FCL,,1,1,1
2021-01-12,Indicator,MACD_Trend,Bearish,Bearish,Bearish,Neutral,Negative,-0.03178293390791542,-0.023255813953488413,-0.036434084870094474,-1,-1,-1,FCL,,1,1,1
2021-01-12,Indicator,CMF_State,Negative,Bearish,Bearish,Neutral,Negative,-0.03178293390791542,-0.023255813953488413,-0.036434084870094474,-1,-1,-1,FCL,,0,0,0
2021-01-13,Indicator,EMA_Trend,Bearish,Bearish,Bearish,Neutral,Negative,0.008807033312110635,-0.004803830798967401,0.052041571586840085,1,-1,1,FCL,,0,1,0
2021-01-13,Indicator,MACD_Trend,Bearish,Bearish,Bearish,Neutral,Negative,0.008807033312110635,-0.004803830798967401,0.052041571586840085,1,-1,1,FCL,,0,1,0
2021-01-13,Indicator,CMF_State,Negative,Bearish,Bearish,Neutral,Negative,0.008807033312110635,-0.004803830798967401,0.052041571586840085,1,-1,1,FCL,,0,0,0
2021-01-14,Indicator,EMA_Trend,Bearish,Bearish,Bearish,Neutral,Negative,-0.013492039271763345,0.04285709441654273,0.09285711863684276,-1,1,1,FCL,,1,0,0
2021-01-14,Indicator,MACD_Trend,Bearish,Bearish,Bearish,Neutral,Negative,-0.013492039271763345,0.04285709441654273,0.09285711863684276,-1,1,1,FCL,,1,0,0
2021-01-14,Indicator,CMF_State,Negative,Bearish,Bearish,Neutral,Negative,-0.013492039271763345,0.04285709441654273,0.09285711863684276,-1,1,1,FCL,,0,0,0
2021-01-15,Indicator,EMA_Trend,Bearish,Bearish,Bearish,Neutral,Negative,0.05711979622213015,0.10780364897420558,0.08045052095321403,1,1,1,FCL,,0,0,0
2021-01-15,Indicator,MACD_Trend,Bearish,Bearish,Bearish,Neutral,Negative,0.05711979622213015,0.10780364897420558,0.08045052095321403,1,1,1,FCL,,0,0,0
2021-01-15,Indicator,CMF_State,Negative,Bearish,Bearish,Neutral,Negative,0.05711979622213015,0.10780364897420558,0.08045052095321403,1,1,1,FCL,,0,0,0
2021-01-18,Indicator,EMA_Trend,Bearish,Bearish,Bearish,Neutral,Negative,0.04794523093144809,0.022070085920689042,-0.009893362658699001,1,1,-1,FCL,,0,0,1
2021-01-18,Indicator,MACD_Trend,Bearish,Bearish,Bearish,Neutral,Negative,0.04794523093144809,0.022070085920689042,-0.009893362658699001,1,1,-1,FCL,,0,0,1
2021-01-18,Indicator,CMF_State,Negative,Bearish,Bearish,Neutral,Negative,0.04794523093144809,0.022070085920689042,-0.009893362658699001,1,1,-1,FCL,,0,0,0
2021-01-19,Indicator,EMA_Trend,Bearish,Bearish,Bearish,Neutral,Negative,-0.024691314247177076,-0.055192382085405556,-0.048656478552868365,-1,-1,-1,FCL,,1,1,1
2021-01-19,Indicator,MACD_Trend,Bearish,Bearish,Bearish,Neutral,Negative,-0.024691314247177076,-0.055192382085405556,-0.048656478552868365,-1,-1,-1,FCL,,1,1,1
2021-01-19,Indicator,CMF_State,Negative,Bearish,Bearish,Neutral,Negative,-0.024691314247177076,-0.055192382085405556,-0.048656478552868365,-1,-1,-1,FCL,,0,0,0
2021-01-20,Candlestick,CDL_HARAMI,Bearish,Bearish,Bearish,Neutral,Negative,-0.031273245367117064,-0.02457187622316004,-0.022338048636110885,-1,-1,-1,FCL,,1,1,1
2021-01-20,Indicator,EMA_Trend,Bearish,Bearish,Bearish,Neutral,Negative,-0.031273245367117064,-0.02457187622316004,-0.022338048636110885,-1,-1,-1,FCL,,1,1,1
2021-01-20,Indicator,MACD_Trend,Bearish,Bearish,Bearish,Neutral,Negative,-0.031273245367117064,-0.02457187622316004,-0.022338048636110885,-1,-1,-1,FCL,,1,1,1
2021-01-20,Indicator,CMF_State,Negative,Bearish,Bearish,Neutral,Negative,-0.031273245367117064,-0.02457187622316004,-0.022338048636110885,-1,-1,-1,FCL,,0,0,0
2021-01-21,Candlestick,CDL_THREE_INSIDE_UP,Bearish,Bearish,Bearish,Neutral,Negative,0.0069177083340663525,0.009223650207113687,-0.016910103569758972,1,1,-1,FCL,,0,0,1
2021-01-21,Indicator,EMA_Trend,Bearish,Bearish,Bearish,Neutral,Negative,0.0069177083340663525,0.009223650207113687,-0.016910103569758972,1,1,-1,FCL,,0,0,1
2021-01-21,Indicator,MACD_Trend,Bearish,Bearish,Bearish,Neutral,Negative,0.0069177083340663525,0.009223650207113687,-0.016910103569758972,1,1,-1,FCL,,0,0,1
2021-01-21,Indicator,CMF_State,Negative,Bearish,Bearish,Neutral,Negative,0.0069177083340663525,0.009223650207113687,-0.016910103569758972,1,1,-1,FCL,,0,0,0
2021-01-22,Candlestick,CDL_HARAMI,Bullish,Bearish,Bearish,Neutral,Negative,0.0022900996317389843,-0.023664110489474033,-0.021374069097387927,1,-1,-1,FCL,,1,0,0
2021-01-22,Candlestick,CDL_HARAMI_CROSS,Bullish,Bearish,Bearish,Neutral,Negative,0.0022900996317389843,-0.023664110489474033,-0.021374069097387927,1,-1,-1,FCL,,1,0,0
2021-01-22,Indicator,EMA_Trend,Bearish,Bearish,Bearish,Neutral,Negative,0.0022900996317389843,-0.023664110489474033,-0.021374069097387927,1,-1,-1,FCL,,0,1,1
2021-01-22,Indicator,MACD_Trend,Bearish,Bearish,Bearish,Neutral,Negative,0.0022900996317389843,-0.023664110489474033,-0.021374069097387927,1,-1,-1,FCL,,0,1,1
2021-01-22,Indicator,CMF_State,Negative,Bearish,Bearish,Neutral,Negative,0.0022900996317389843,-0.023664110489474033,-0.021374069097387927,1,-1,-1,FCL,,0,0,0
2021-01-25,Indicator,EMA_Trend,Bearish,Bearish,Bearish,Neutral,Negative,-0.025894908201476885,-0.02361009924953028,-0.025894908201476885,-1,-1,-1,FCL,,1,1,1
2021-01-25,Indicator,MACD_Trend,Bearish,Bearish,Bearish,Neutral,Negative,-0.025894908201476885,-0.02361009924953028,-0.025894908201476885,-1,-1,-1,FCL,,1,1,1
2021-01-25,Indicator,CMF_State,Negative,Bearish,Bearish,Neutral,Negative,-0.025894908201476885,-0.02361009924953028,-0.025894908201476885,-1,-1,-1,FCL,,0,0,0
2021-01-27,Indicator,EMA_Trend,Bearish,Bearish,Bearish,Neutral,Negative,0.002345546667586129,0.0,0.03674749430464819,1,0,1,FCL,,0,0,0
2021-01-27,Indicator,MACD_Trend,Bearish,Bearish,Bearish,Neutral,Negative,0.002345546667586129,0.0,0.03674749430464819,1,0,1,FCL,,0,0,0
2021-01-27,Indicator,CMF_State,Negative,Bearish,Bearish,Neutral,Negative,0.002345546667586129,0.0,0.03674749430464819,1,0,1,FCL,,0,0,0
2021-01-28,Indicator,EMA_Trend,Bearish,Bearish,Bearish,Neutral,Negative,-0.0023400579524537335,0.03432144508591395,0.011700468297246358,-1,1,1,FCL,,1,0,0
2021-01-28,Indicator,MACD_Trend,Bearish,Bearish,Bearish,Neutral,Negative,-0.0023400579524537335,0.03432144508591395,0.011700468297246358,-1,1,1,FCL,,1,0,0
2021-01-28,Indicator,CMF_State,Negative,Bearish,Bearish,Neutral,Negative,-0.0023400579524537335,0.03432144508591395,0.011700468297246358,-1,1,1,FCL,,0,0,0
2021-01-29,Indicator,EMA_Trend,Bearish,Bearish,Bearish,Neutral,Negative,0.03674749430464819,0.01407345895925638,0.028146977569759368,1,1,1,FCL,,0,0,0
2021-01-29,Indicator,MACD_Trend,Bearish,Bearish,Bearish,Neutral,Negative,0.03674749430464819,0.01407345895925638,0.028146977569759368,1,1,1,FCL,,0,0,0
2021-01-29,Indicator,CMF_State,Negative,Bearish,Bearish,Neutral,Negative,0.03674749430464819,0.01407345895925638,0.028146977569759368,1,1,1,FCL,,0,0,0
2021-02-01,Indicator,EMA_Trend,Bearish,Bearish,Bearish,Neutral,Negative,-0.021870354613781173,-0.00829567159036848,0.05731516210333765,-1,-1,1,FCL,,1,1,0
2021-02-01,Indicator,MACD_Trend,Bearish,Bearish,Bearish,Neutral,Negative,-0.021870354613781173,-0.00829567159036848,0.05731516210333765,-1,-1,1,FCL,,1,1,0
2021-02-01,Indicator,CMF_State,Negative,Bearish,Bearish,Neutral,Negative,-0.021870354613781173,-0.00829567159036848,0.05731516210333765,-1,-1,1,FCL,,0,0,0
2021-02-02,Candlestick,CDL_HARAMI,Bearish,Bearish,Bearish,Neutral,Negative,0.013878204272249173,0.0809560543335257,0.045489663023106086,1,1,1,FCL,,0,0,0
2021-02-02,Indicator,EMA_Trend,Bearish,Bearish,Bearish,Neutral,Negative,0.013878204272249173,0.0809560543335257,0.045489663023106086,1,1,1,FCL,,0,0,0
2021-02-02,Indicator,MACD_Trend,Bearish,Bearish,Bearish,Neutral,Negative,0.013878204272249173,0.0809560543335257,0.045489663023106086,1,1,1,FCL,,0,0,0
2021-02-02,Indicator,CMF_State,Negative,Bearish,Bearish,Neutral,Negative,0.013878204272249173,0.0809560543335257,0.045489663023106086,1,1,1,FCL,,0,0,0
2021-02-03,Indicator,EMA_Trend,Bearish,Bearish,Bearish,Neutral,Positive,0.06615967261020672,0.0311787536389021,0.0403042057167895,1,1,1,FCL,,0,0,0
2021-02-03,Indicator,MACD_Trend,Bearish,Bearish,Bearish,Neutral,Positive,0.06615967261020672,0.0311787536389021,0.0403042057167895,1,1,1,FCL,,0,0,0
2021-02-03,Indicator,CMF_State,Positive,Bearish,Bearish,Neutral,Positive,0.06615967261020672,0.0311787536389021,0.0403042057167895,1,1,1,FCL,,0,0,0
2021-02-04,Indicator,EMA_Trend,Bearish,Bearish,Bearish,Neutral,Positive,-0.03281020645403254,-0.024251026893670757,-0.009272489872005796,-1,-1,-1,FCL,,1,1,1
2021-02-04,Indicator,MACD_Trend,Bearish,Bearish,Bearish,Neutral,Positive,-0.03281020645403254,-0.024251026893670757,-0.009272489872005796,-1,-1,-1,FCL,,1,1,1
2021-02-04,Indicator,CMF_State,Positive,Bearish,Bearish,Neutral,Positive,-0.03281020645403254,-0.024251026893670757,-0.009272489872005796,-1,-1,-1,FCL,,0,0,0
2021-02-05,Indicator,EMA_Trend,Bearish,Bearish,Bearish,Neutral,Positive,0.008849534618207366,0.024336192068085793,0.008849534618207366,1,1,1,FCL,,0,0,0
2021-02-05,Indicator,MACD_Trend,Bearish,Bearish,Bearish,Neutral,Positive,0.008849534618207366,0.024336192068085793,0.008849534618207366,1,1,1,FCL,,0,0,0
2021-02-05,Indicator,CMF_State,Positive,Bearish,Bearish,Neutral,Positive,0.008849534618207366,0.024336192068085793,0.008849534618207366,1,1,1,FCL,,0,0,0
2021-02-08,Candlestick,CDL_HARAMI,Bullish,Bearish,Bearish,Neutral,Positive,0.015350809926020448,0.0,0.016081848678101363,1,0,1,FCL,,1,0,1
2021-02-08,Indicator,EMA_Trend,Bearish,Bearish,Bearish,Neutral,Positive,0.015350809926020448,0.0,0.016081848678101363,1,0,1,FCL,,0,0,0
2021-02-08,Indicator,MACD_Trend,Bearish,Bearish,Bearish,Neutral,Positive,0.015350809926020448,0.0,0.016081848678101363,1,0,1,FCL,,0,0,0
2021-02-08,Indicator,CMF_State,Positive,Bearish,Bearish,Neutral,Positive,0.015350809926020448,0.0,0.016081848678101363,1,0,1,FCL,,0,0,0
2021-02-09,Indicator,EMA_Trend,Bearish,Bearish,Bearish,Neutral,Positive,-0.015118725248408516,0.00071998637804227,0.06119510708067155,-1,1,1,FCL,,1,0,0
2021-02-09,Indicator,MACD_Trend,Bearish,Bearish,Bearish,Neutral,Positive,-0.015118725248408516,0.00071998637804227,0.06119510708067155,-1,1,1,FCL,,1,0,0
2021-02-09,Indicator,CMF_State,Positive,Bearish,Bearish,Neutral,Positive,-0.015118725248408516,0.00071998637804227,0.06119510708067155,-1,1,1,FCL,,0,0,0
2021-02-10,Indicator,EMA_Trend,Bearish,Bearish,Bearish,Neutral,Positive,0.016081848678101363,0.07748531146389004,0.0635964675011782,1,1,1,FCL,,0,0,0
2021-02-10,Indicator,MACD_Trend,Bearish,Bearish,Bearish,Neutral,Positive,0.016081848678101363,0.07748531146389004,0.0635964675011782,1,1,1,FCL,,0,0,0
2021-02-10,Indicator,CMF_State,Positive,Bearish,Bearish,Neutral,Positive,0.016081848678101363,0.07748531146389004,0.0635964675011782,1,1,1,FCL,,0,0,0
2021-02-11,Indicator,EMA_Trend,Bearish,Bearish,Bearish,Neutral,Positive,0.06043161076607473,0.046762589928057485,0.02517985611510798,1,1,1,FCL,,0,0,0
2021-02-11,Indicator,MACD_Trend,Bearish,Bearish,Bearish,Neutral,Positive,0.06043161076607473,0.046762589928057485,0.02517985611510798,1,1,1,FCL,,0,0,0
2021-02-11,Indicator,CMF_State,Positive,Bearish,Bearish,Neutral,Positive,0.06043161076607473,0.046762589928057485,0.02517985611510798,1,1,1,FCL,,0,0,0
2021-02-12,Indicator,EMA_Trend,Bearish,Bearish,Bearish,Neutral,Positive,-0.012890054105556437,-0.0332428364951326,-0.014925353048435008,-1,-1,-1,FCL,,1,1,1
2021-02-12,Indicator,MACD_Trend,Bearish,Bearish,Bearish,Neutral,Positive,-0.012890054105556437,-0.0332428364951326,-0.014925353048435008,-1,-1,-1,FCL,,1,1,1
2021-02-12,Indicator,CMF_State,Positive,Bearish,Bearish,Neutral,Positive,-0.012890054105556437,-0.0332428364951326,-0.014925353048435008,-1,-1,-1,FCL,,0,0,0
2021-02-15,Indicator,EMA_Trend,Bearish,Bearish,Bearish,Neutral,Positive,-0.020618556701030966,-0.00206187664438362,0.018556680056647235,-1,-1,1,FCL,,1,1,0
2021-02-15,Indicator,MACD_Trend,Bearish,Bearish,Bearish,Neutral,Positive,-0.020618556701030966,-0.00206187664438362,0.018556680056647235,-1,-1,1,FCL,,1,1,0
2021-02-15,Indicator,CMF_State,Positive,Bearish,Bearish,Neutral,Positive,-0.020618556701030966,-0.00206187664438362,0.018556680056647235,-1,-1,1,FCL,,0,0,0
2021-02-16,Indicator,EMA_Trend,Bearish,Bearish,Bearish,Neutral,Positive,0.018947347005208393,0.039999978584155604,-0.0007017972176535103,1,1,-1,FCL,,0,0,1
2021-02-16,Indicator,MACD_Trend,Bearish,Bearish,Bearish,Neutral,Positive,0.018947347005208393,0.039999978584155604,-0.0007017972176535103,1,1,-1,FCL,,0,0,1
2021-02-16,Indicator,CMF_State,Positive,Bearish,Bearish,Neutral,Positive,0.018947347005208393,0.039999978584155604,-0.0007017972176535103,1,1,-1,FCL,,0,0,0
2021-02-17,Candlestick,CDL_BULLISH_ENGULFING,Bullish,Bearish,Bearish,Neutral,Positive,0.020661157459041624,-0.019283767979388466,-0.054407672606910595,1,-1,-1,FCL,,1,0,0
2021-02-17,Indicator,EMA_Trend,Bearish,Bearish,Bearish,Neutral,Positive,0.020661157459041624,-0.019283767979388466,-0.054407672606910595,1,-1,-1,FCL,,0,1,1
2021-02-17,Indicator,MACD_Trend,Bearish,Bearish,Bearish,Neutral,Positive,0.020661157459041624,-0.019283767979388466,-0.054407672606910595,1,-1,-1,FCL,,0,1,1
2021-02-17,Indicator,CMF_State,Positive,Bearish,Bearish,Neutral,Positive,0.020661157459041624,-0.019283767979388466,-0.054407672606910595,1,-1,-1,FCL,,0,0,0
2021-02-18,Candlestick,CDL_THREE_OUTSIDE_UP,Bullish,Bearish,Bullish,Neutral,Positive,-0.03913632369225639,-0.07354921809000525,-0.0553306148252215,-1,-1,-1,FCL,,0,0,0
2021-02-18,Indicator,EMA_Trend,Bearish,Bearish,Bullish,Neutral,Positive,-0.03913632369225639,-0.07354921809000525,-0.0553306148252215,-1,-1,-1,FCL,,1,1,1
2021-02-18,Indicator,MACD_Trend,Bullish,Bearish,Bullish,Neutral,Positive,-0.03913632369225639,-0.07354921809000525,-0.0553306148252215,-1,-1,-1,FCL,,0,0,0
2021-02-18,Indicator,CMF_State,Positive,Bearish,Bullish,Neutral,Positive,-0.03913632369225639,-0.07354921809000525,-0.0553306148252215,-1,-1,-1,FCL,,0,0,0
2021-02-19,Indicator,EMA_Trend,Bearish,Bearish,Bullish,Neutral,Positive,-0.03581454398399708,-0.016853890444890163,-0.010533708316661894,-1,-1,-1,FCL,,1,1,1
2021-02-19,Indicator,MACD_Trend,Bullish,Bearish,Bullish,Neutral,Positive,-0.03581454398399708,-0.016853890444890163,-0.010533708316661894,-1,-1,-1,FCL,,0,0,0
2021-02-19,Indicator,CMF_State,Positive,Bearish,Bullish,Neutral,Positive,-0.03581454398399708,-0.016853890444890163,-0.010533708316661894,-1,-1,-1,FCL,,0,0,0
2021-02-22,Indicator,EMA_Trend,Bearish,Bearish,Bullish,Neutral,Positive,0.01966494456103085,0.026219889036487976,0.03641660516289402,1,1,1,FCL,,0,0,0
2021-02-22,Indicator,MACD_Trend,Bullish,Bearish,Bullish,Neutral,Positive,0.01966494456103085,0.026219889036487976,0.03641660516289402,1,1,1,FCL,,1,1,1
2021-02-22,Indicator,CMF_State,Positive,Bearish,Bullish,Neutral,Positive,0.01966494456103085,0.026219889036487976,0.03641660516289402,1,1,1,FCL,,0,0,0
2021-02-23,Candlestick,CDL_HARAMI,Bullish,Bearish,Bearish,Neutral,Positive,0.006428527832031294,0.016428593226841537,-0.015714263916015603,1,1,-1,FCL,,1,1,0
2021-02-23,Indicator,EMA_Trend,Bearish,Bearish,Bearish,Neutral,Positive,0.006428527832031294,0.016428593226841537,-0.015714263916015603,1,1,-1,FCL,,0,0,1
2021-02-23,Indicator,MACD_Trend,Bearish,Bearish,Bearish,Neutral,Positive,0.006428527832031294,0.016428593226841537,-0.015714263916015603,1,1,-1,FCL,,0,0,1
2021-02-23,Indicator,CMF_State,Positive,Bearish,Bearish,Neutral,Positive,0.006428527832031294,0.016428593226841537,-0.015714263916015603,1,1,-1,FCL,,0,0,0
2021-02-24,Indicator,EMA_Trend,Bearish,Bearish,Bearish,Neutral,Positive,0.009936190318801552,-0.022001355422371693,-0.024130546797484387,1,-1,-1,FCL,,0,1,1
2021-02-24,Indicator,MACD_Trend,Bearish,Bearish,Bearish,Neutral,Positive,0.009936190318801552,-0.022001355422371693,-0.024130546797484387,1,-1,-1,FCL,,0,1,1
2021-02-24,Indicator,CMF_State,Positive,Bearish,Bearish,Neutral,Positive,0.009936190318801552,-0.022001355422371693,-0.024130546797484387,1,-1,-1,FCL,,0,0,0
2021-02-25,Indicator,EMA_Trend,Bearish,Bearish,Bearish,Neutral,Positive,-0.03162333031267217,-0.033731573779460455,-0.05621925388919502,-1,-1,-1,FCL,,1,1,1
2021-02-25,Indicator,MACD_Trend,Bearish,Bearish,Bearish,Neutral,Positive,-0.03162333031267217,-0.033731573779460455,-0.05621925388919502,-1,-1,-1,FCL,,1,1,1
2021-02-25,Indicator,CMF_State,Positive,Bearish,Bearish,Neutral,Positive,-0.03162333031267217,-0.033731573779460455,-0.05621925388919502,-1,-1,-1,FCL,,0,0,0
2021-02-26,Indicator,EMA_Trend,Bearish,Bearish,Bearish,Neutral,Positive,-0.0021770903128727204,-0.025399128610217758,-0.016690878090140027,-1,-1,-1,FCL,,1,1,1
2021-02-26,Indicator,MACD_Trend,Bearish,Bearish,Bearish,Neutral,Positive,-0.0021770903128727204,-0.025399128610217758,-0.016690878090140027,-1,-1,-1,FCL,,1,1,1
2021-02-26,Indicator,CMF_State,Positive,Bearish,Bearish,Neutral,Positive,-0.0021770903128727204,-0.025399128610217758,-0.016690878090140027,-1,-1,-1,FCL,,0,0,0
2021-03-01,Indicator,EMA_Trend,Bearish,Bearish,Bearish,Neutral,Positive,-0.023272705078124956,-0.014545454545454528,-0.005818204012784101,-1,-1,-1,FCL,,1,1,1
2021-03-01,Indicator,MACD_Trend,Bearish,Bearish,Bearish,Neutral,Positive,-0.023272705078124956,-0.014545454545454528,-0.005818204012784101,-1,-1,-1,FCL,,1,1,1
2021-03-01,Indicator,CMF_State,Positive,Bearish,Bearish,Neutral,Positive,-0.023272705078124956,-0.014545454545454528,-0.005818204012784101,-1,-1,-1,FCL,,0,0,0
2021-03-02,Indicator,EMA_Trend,Bearish,Bearish,Bearish,Neutral,Positive,0.00893519673100629,0.017870393462012357,0.01861504053009244,1,1,1,FCL,,0,0,0
2021-03-02,Indicator,MACD_Trend,Bearish,Bearish,Bearish,Neutral,Positive,0.00893519673100629,0.017870393462012357,0.01861504053009244,1,1,1,FCL,,0,0,0
2021-03-02,Indicator,CMF_State,Positive,Bearish,Bearish,Neutral,Positive,0.00893519673100629,0.017870393462012357,0.01861504053009244,1,1,1,FCL,,0,0,0
2021-03-03,Candlestick,CDL_HARAMI,Bullish,Bearish,Bearish,Neutral,Positive,0.008856066038687826,0.009594118463157386,-0.0073800738007380184,1,1,-1,FCL,,1,1,0
2021-03-03,Candlestick,CDL_HARAMI_CROSS,Bullish,Bearish,Bearish,Neutral,Positive,0.008856066038687826,0.009594118463157386,-0.0073800738007380184,1,1,-1,FCL,,1,1,0
2021-03-03,Indicator,EMA_Trend,Bearish,Bearish,Bearish,Neutral,Positive,0.008856066038687826,0.009594118463157386,-0.0073800738007380184,1,1,-1,FCL,,0,0,1
2021-03-03,Indicator,MACD_Trend,Bearish,Bearish,Bearish,Neutral,Positive,0.008856066038687826,0.009594118463157386,-0.0073800738007380184,1,1,-1,FCL,,0,0,1
2021-03-03,Indicator,CMF_State,Positive,Bearish,Bearish,Neutral,Positive,0.008856066038687826,0.009594118463157386,-0.0073800738007380184,1,1,-1,FCL,,0,0,0
2021-03-04,Candlestick,CDL_BULLISH_ENGULFING,Bullish,Bearish,Bearish,Neutral,Negative,0.0007315735607038576,-0.01609361373340157,-0.03365026296575724,1,-1,-1,FCL,,1,0,0
2021-03-04,Indicator,EMA_Trend,Bearish,Bearish,Bearish,Neutral,Negative,0.0007315735607038576,-0.01609361373340157,-0.03365026296575724,1,-1,-1,FCL,,0,1,1
2021-03-04,Indicator,MACD_Trend,Bearish,Bearish,Bearish,Neutral,Negative,0.0007315735607038576,-0.01609361373340157,-0.03365026296575724,1,-1,-1,FCL,,0,1,1
2021-03-04,Indicator,CMF_State,Negative,Bearish,Bearish,Neutral,Negative,0.0007315735607038576,-0.01609361373340157,-0.03365026296575724,1,-1,-1,FCL,,0,0,0
2021-03-05,Candlestick,CDL_THREE_OUTSIDE_UP,Bullish,Bearish,Bearish,Neutral,Positive,-0.01681288743018239,-0.03435670207159247,-0.03435670207159247,-1,-1,-1,FCL,,0,0,0
2021-03-05,Indicator,EMA_Trend,Bearish,Bearish,Bearish,Neutral,Positive,-0.01681288743018239,-0.03435670207159247,-0.03435670207159247,-1,-1,-1,FCL,,1,1,1
2021-03-05,Indicator,MACD_Trend,Bearish,Bearish,Bearish,Neutral,Positive,-0.01681288743018239,-0.03435670207159247,-0.03435670207159247,-1,-1,-1,FCL,,1,1,1
2021-03-05,Indicator,CMF_State,Positive,Bearish,Bearish,Neutral,Positive,-0.01681288743018239,-0.03435670207159247,-0.03435670207159247,-1,-1,-1,FCL,,0,0,0
2021-03-08,Candlestick,CDL_INVERTED_HAMMER,Bullish,Bearish,Bearish,Neutral,Positive,-0.017843820791705434,-0.017843820791705434,-0.044609665427509326,-1,-1,-1,FCL,,0,0,0
2021-03-08,Indicator,EMA_Trend,Bearish,Bearish,Bearish,Neutral,Positive,-0.017843820791705434,-0.017843820791705434,-0.044609665427509326,-1,-1,-1,FCL,,1,1,1
2021-03-08,Indicator,MACD_Trend,Bearish,Bearish,Bearish,Neutral,Positive,-0.017843820791705434,-0.017843820791705434,-0.044609665427509326,-1,-1,-1,FCL,,1,1,1
2021-03-08,Indicator,CMF_State,Positive,Bearish,Bearish,Neutral,Positive,-0.017843820791705434,-0.017843820791705434,-0.044609665427509326,-1,-1,-1,FCL,,0,0,0
2021-03-09,Indicator,EMA_Trend,Bearish,Bearish,Bearish,Neutral,Negative,0.0,-0.027252126700846646,-0.04844821241157482,0,-1,-1,FCL,,0,1,1
2021-03-09,Indicator,MACD_Trend,Bearish,Bearish,Bearish,Neutral,Negative,0.0,-0.027252126700846646,-0.04844821241157482,0,-1,-1,FCL,,0,1,1
2021-03-09,Indicator,CMF_State,Negative,Bearish,Bearish,Neutral,Negative,0.0,-0.027252126700846646,-0.04844821241157482,0,-1,-1,FCL,,0,0,0
2021-03-10,Indicator,EMA_Trend,Bearish,Bearish,Bearish,Neutral,Negative,-0.027252126700846646,-0.04844821241157482,-0.07267226086267486,-1,-1,-1,FCL,,1,1,1
2021-03-10,Indicator,MACD_Trend,Bearish,Bearish,Bearish,Neutral,Negative,-0.027252126700846646,-0.04844821241157482,-0.07267226086267486,-1,-1,-1,FCL,,1,1,1
2021-03-10,Indicator,CMF_State,Negative,Bearish,Bearish,Neutral,Negative,-0.027252126700846646,-0.04844821241157482,-0.07267226086267486,-1,-1,-1,FCL,,0,0,0
2021-03-12,Indicator,EMA_Trend,Bearish,Bearish,Bearish,Neutral,Negative,-0.021789907017570664,-0.046692607003890996,-0.06070041285414651,-1,-1,-1,FCL,,1,1,1
2021-03-12,Indicator,MACD_Trend,Bearish,Bearish,Bearish,Neutral,Negative,-0.021789907017570664,-0.046692607003890996,-0.06070041285414651,-1,-1,-1,FCL,,1,1,1
2021-03-12,Indicator,CMF_State,Negative,Bearish,Bearish,Neutral,Negative,-0.021789907017570664,-0.046692607003890996,-0.06070041285414651,-1,-1,-1,FCL,,0,0,0
2021-03-15,Indicator,EMA_Trend,Bullish,Bullish,Bearish,Neutral,Negative,-0.025457414685219115,-0.03977724838019514,-0.060461405398843704,-1,-1,-1,FCL,,0,0,0
2021-03-15,Indicator,MACD_Trend,Bearish,Bullish,Bearish,Neutral,Negative,-0.025457414685219115,-0.03977724838019514,-0.060461405398843704,-1,-1,-1,FCL,,1,1,1
2021-03-15,Indicator,CMF_State,Negative,Bullish,Bearish,Neutral,Negative,-0.025457414685219115,-0.03977724838019514,-0.060461405398843704,-1,-1,-1,FCL,,0,0,0
2021-03-16,Indicator,EMA_Trend,Bullish,Bullish,Bearish,Neutral,Negative,-0.014693902463329245,-0.03591837980309309,-0.03918369838169655,-1,-1,-1,FCL,,0,0,0
2021-03-16,Indicator,MACD_Trend,Bearish,Bullish,Bearish,Neutral,Negative,-0.014693902463329245,-0.03591837980309309,-0.03918369838169655,-1,-1,-1,FCL,,1,1,1
2021-03-16,Indicator,CMF_State,Negative,Bullish,Bearish,Neutral,Negative,-0.014693902463329245,-0.03591837980309309,-0.03918369838169655,-1,-1,-1,FCL,,0,0,0
2021-03-17,Indicator,EMA_Trend,Bearish,Bearish,Bearish,Neutral,Negative,-0.021540998673231115,-0.02485501305593607,0.004142502175989327,-1,-1,1,FCL,,1,1,0
2021-03-17,Indicator,MACD_Trend,Bearish,Bearish,Bearish,Neutral,Negative,-0.021540998673231115,-0.02485501305593607,0.004142502175989327,-1,-1,1,FCL,,1,1,0
2021-03-17,Indicator,CMF_State,Negative,Bearish,Bearish,Neutral,Negative,-0.021540998673231115,-0.02485501305593607,0.004142502175989327,-1,-1,1,FCL,,0,0,0
2021-03-18,Indicator,EMA_Trend,Bearish,Bearish,Bearish,Oversold,Negative,-0.003386973167206042,0.026248928993850784,0.06350550463083571,-1,1,1,FCL,,1,0,0
2021-03-18,Indicator,MACD_Trend,Bearish,Bearish,Bearish,Oversold,Negative,-0.003386973167206042,0.026248928993850784,0.06350550463083571,-1,1,1,FCL,,1,0,0
2021-03-18,Indicator,RSI_State,Oversold,Bearish,Bearish,Oversold,Negative,-0.003386973167206042,0.026248928993850784,0.06350550463083571,-1,1,1,FCL,,0,0,0
2021-03-18,Indicator,CMF_State,Negative,Bearish,Bearish,Oversold,Negative,-0.003386973167206042,0.026248928993850784,0.06350550463083571,-1,1,1,FCL,,0,0,0
2021-03-19,Indicator,EMA_Trend,Bearish,Bearish,Bearish,Oversold,Negative,0.029736619292684452,0.06711981079619656,0.028887014562745117,1,1,1,FCL,,0,0,0
2021-03-19,Indicator,MACD_Trend,Bearish,Bearish,Bearish,Oversold,Negative,0.029736619292684452,0.06711981079619656,0.028887014562745117,1,1,1,FCL,,0,0,0
2021-03-19,Indicator,RSI_State,Oversold,Bearish,Bearish,Oversold,Negative,0.029736619292684452,0.06711981079619656,0.028887014562745117,1,1,1,FCL,,0,0,0
2021-03-19,Indicator,CMF_State,Negative,Bearish,Bearish,Oversold,Negative,0.029736619292684452,0.06711981079619656,0.028887014562745117,1,1,1,FCL,,0,0,0
2021-03-22,Indicator,EMA_Trend,Bearish,Bearish,Bearish,Neutral,Negative,0.036303643866904656,-0.0008250699392655658,-0.030528028394441575,1,-1,-1,FCL,,0,1,1
2021-03-22,Indicator,MACD_Trend,Bearish,Bearish,Bearish,Neutral,Negative,0.036303643866904656,-0.0008250699392655658,-0.030528028394441575,1,-1,-1,FCL,,0,1,1
2021-03-22,Indicator,CMF_State,Negative,Bearish,Bearish,Neutral,Negative,0.036303643866904656,-0.0008250699392655658,-0.030528028394441575,1,-1,-1,FCL,,0,0,0
2021-03-23,Indicator,EMA_Trend,Bearish,Bearish,Bearish,Neutral,Negative,-0.03582802591297152,-0.06449043449463132,-0.06289810208482327,-1,-1,-1,FCL,,1,1,1
2021-03-23,Indicator,MACD_Trend,Bearish,Bearish,Bearish,Neutral,Negative,-0.03582802591297152,-0.06449043449463132,-0.06289810208482327,-1,-1,-1,FCL,,1,1,1
2021-03-23,Indicator,CMF_State,Negative,Bearish,Bearish,Neutral,Negative,-0.03582802591297152,-0.06449043449463132,-0.06289810208482327,-1,-1,-1,FCL,,0,0,0
2021-03-24,Indicator,EMA_Trend,Bearish,Bearish,Bearish,Neutral,Negative,-0.029727485710005275,-0.02807598322642002,0.01568952559718606,-1,-1,1,FCL,,1,1,0
2021-03-24,Indicator,MACD_Trend,Bearish,Bearish,Bearish,Neutral,Negative,-0.029727485710005275,-0.02807598322642002,0.01568952559718606,-1,-1,1,FCL,,1,1,0
2021-03-24,Indicator,CMF_State,Negative,Bearish,Bearish,Neutral,Negative,-0.029727485710005275,-0.02807598322642002,0.01568952559718606,-1,-1,1,FCL,,0,0,0
2021-03-25,Indicator,EMA_Trend,Bearish,Bearish,Bearish,Neutral,Negative,0.0017021016871674455,0.04680851063829783,0.12000005194481389,1,1,1,FCL,,0,0,0
2021-03-25,Indicator,MACD_Trend,Bearish,Bearish,Bearish,Neutral,Negative,0.0017021016871674455,0.04680851063829783,0.12000005194481389,1,1,1,FCL,,0,0,0
2021-03-25,Indicator,CMF_State,Negative,Bearish,Bearish,Neutral,Negative,0.0017021016871674455,0.04680851063829783,0.12000005194481389,1,1,1,FCL,,0,0,0
2021-03-26,Candlestick,CDL_HARAMI,Bullish,Bearish,Bearish,Neutral,Negative,0.04502976371433953,0.1180969372614844,0.1418861289825344,1,1,1,FCL,,1,1,1
2021-03-26,Candlestick,CDL_HARAMI_CROSS,Bullish,Bearish,Bearish,Neutral,Negative,0.04502976371433953,0.1180969372614844,0.1418861289825344,1,1,1,FCL,,1,1,1
2021-03-26,Indicator,EMA_Trend,Bearish,Bearish,Bearish,Neutral,Negative,0.04502976371433953,0.1180969372614844,0.1418861289825344,1,1,1,FCL,,0,0,0
2021-03-26,Indicator,MACD_Trend,Bearish,Bearish,Bearish,Neutral,Negative,0.04502976371433953,0.1180969372614844,0.1418861289825344,1,1,1,FCL,,0,0,0
2021-03-26,Indicator,CMF_State,Negative,Bearish,Bearish,Neutral,Negative,0.04502976371433953,0.1180969372614844,0.1418861289825344,1,1,1,FCL,,0,0,0
2021-03-30,Candlestick,CDL_THREE_INSIDE_UP,Bullish,Bearish,Bearish,Neutral,Negative,0.06991874880907023,0.09268287720719015,0.05609751135353158,1,1,1,FCL,,1,1,1
2021-03-30,Indicator,EMA_Trend,Bearish,Bearish,Bearish,Neutral,Negative,0.06991874880907023,0.09268287720719015,0.05609751135353158,1,1,1,FCL,,0,0,0
2021-03-30,Indicator,MACD_Trend,Bearish,Bearish,Bearish,Neutral,Negative,0.06991874880907023,0.09268287720719015,0.05609751135353158,1,1,1,FCL,,0,0,0
2021-03-30,Indicator,CMF_State,Negative,Bearish,Bearish,Neutral,Negative,0.06991874880907023,0.09268287720719015,0.05609751135353158,1,1,1,FCL,,0,0,0
2021-03-31,Indicator,EMA_Trend,Bearish,Bearish,Bullish,Neutral,Negative,0.02127650199929554,-0.01291802529016628,0.008358592657369046,1,-1,1,FCL,,0,1,0
2021-03-31,Indicator,MACD_Trend,Bullish,Bearish,Bullish,Neutral,Negative,0.02127650199929554,-0.01291802529016628,0.008358592657369046,1,-1,1,FCL,,1,0,1
2021-03-31,Indicator,CMF_State,Negative,Bearish,Bullish,Neutral,Negative,0.02127650199929554,-0.01291802529016628,0.008358592657369046,1,-1,1,FCL,,0,0,0
2021-04-01,Indicator,EMA_Trend,Bearish,Bearish,Bullish,Neutral,Negative,-0.03348214437766961,-0.01264878739169839,-0.014136859990840134,-1,-1,-1,FCL,,1,1,1
2021-04-01,Indicator,MACD_Trend,Bullish,Bearish,Bullish,Neutral,Negative,-0.03348214437766961,-0.01264878739169839,-0.014136859990840134,-1,-1,-1,FCL,,0,0,0
2021-04-01,Indicator,CMF_State,Negative,Bearish,Bullish,Neutral,Negative,-0.03348214437766961,-0.01264878739169839,-0.014136859990840134,-1,-1,-1,FCL,,0,0,0
2021-04-05,Indicator,EMA_Trend,Bearish,Bearish,Bullish,Neutral,Negative,0.021555066846185467,0.020015444385528935,0.056197100806448796,1,1,1,FCL,,0,0,0
2021-04-05,Indicator,MACD_Trend,Bullish,Bearish,Bullish,Neutral,Negative,0.021555066846185467,0.020015444385528935,0.056197100806448796,1,1,1,FCL,,1,1,1
2021-04-05,Indicator,CMF_State,Negative,Bearish,Bullish,Neutral,Negative,0.021555066846185467,0.020015444385528935,0.056197100806448796,1,1,1,FCL,,0,0,0
2021-04-06,Candlestick,CDL_HARAMI,Bullish,Bearish,Bullish,Neutral,Negative,-0.0015071360425139568,0.033911078398556116,-0.007535795199679174,-1,1,-1,FCL,,0,1,0
2021-04-06,Indicator,EMA_Trend,Bearish,Bearish,Bullish,Neutral,Negative,-0.0015071360425139568,0.033911078398556116,-0.007535795199679174,-1,1,-1,FCL,,1,0,1
2021-04-06,Indicator,MACD_Trend,Bullish,Bearish,Bullish,Neutral,Negative,-0.0015071360425139568,0.033911078398556116,-0.007535795199679174,-1,1,-1,FCL,,0,1,0
2021-04-06,Indicator,CMF_State,Negative,Bearish,Bullish,Neutral,Negative,-0.0015071360425139568,0.033911078398556116,-0.007535795199679174,-1,1,-1,FCL,,0,0,0
2021-04-07,Indicator,EMA_Trend,Bearish,Bearish,Bullish,Neutral,Negative,0.03547167508107307,-0.006037758881191069,-0.0641509433962264,1,-1,-1,FCL,,0,1,1
2021-04-07,Indicator,MACD_Trend,Bullish,Bearish,Bullish,Neutral,Negative,0.03547167508107307,-0.006037758881191069,-0.0641509433962264,1,-1,-1,FCL,,1,0,0
2021-04-07,Indicator,CMF_State,Negative,Bearish,Bullish,Neutral,Negative,0.03547167508107307,-0.006037758881191069,-0.0641509433962264,1,-1,-1,FCL,,0,0,0
2021-04-08,Candlestick,CDL_BULLISH_ENGULFING,Bullish,Bearish,Bullish,Neutral,Negative,-0.04008746444852207,-0.09620989243331979,-0.08090378076545068,-1,-1,-1,FCL,,0,0,0
2021-04-08,Indicator,EMA_Trend,Bearish,Bearish,Bullish,Neutral,Negative,-0.04008746444852207,-0.09620989243331979,-0.08090378076545068,-1,-1,-1,FCL,,1,1,1
2021-04-08,Indicator,MACD_Trend,Bullish,Bearish,Bullish,Neutral,Negative,-0.04008746444852207,-0.09620989243331979,-0.08090378076545068,-1,-1,-1,FCL,,0,0,0
2021-04-08,Indicator,CMF_State,Negative,Bearish,Bullish,Neutral,Negative,-0.04008746444852207,-0.09620989243331979,-0.08090378076545068,-1,-1,-1,FCL,,0,0,0
2021-04-09,Candlestick,CDL_BULLISH_ENGULFING,Bearish,Bearish,Bullish,Neutral,Negative,-0.05846618926854086,-0.042520870188948345,-0.05163246454011439,-1,-1,-1,FCL,,1,1,1
2021-04-09,Indicator,EMA_Trend,Bearish,Bearish,Bullish,Neutral,Negative,-0.05846618926854086,-0.042520870188948345,-0.05163246454011439,-1,-1,-1,FCL,,1,1,1
2021-04-09,Indicator,MACD_Trend,Bullish,Bearish,Bullish,Neutral,Negative,-0.05846618926854086,-0.042520870188948345,-0.05163246454011439,-1,-1,-1,FCL,,0,0,0
2021-04-09,Indicator,CMF_State,Negative,Bearish,Bullish,Neutral,Negative,-0.05846618926854086,-0.042520870188948345,-0.05163246454011439,-1,-1,-1,FCL,,0,0,0
2021-04-12,Candlestick,CDL_THREE_OUTSIDE_UP,Bearish,Bearish,Bullish,Neutral,Negative,0.0169354715654928,0.007258076821604176,0.024193548387096753,1,1,1,FCL,,0,0,0
2021-04-12,Indicator,EMA_Trend,Bearish,Bearish,Bullish,Neutral,Negative,0.0169354715654928,0.007258076821604176,0.024193548387096753,1,1,1,FCL,,0,0,0
2021-04-12,Indicator,MACD_Trend,Bullish,Bearish,Bullish,Neutral,Negative,0.0169354715654928,0.007258076821604176,0.024193548387096753,1,1,1,FCL,,1,1,1
2021-04-12,Indicator,CMF_State,Negative,Bearish,Bullish,Neutral,Negative,0.0169354715654928,0.007258076821604176,0.024193548387096753,1,1,1,FCL,,0,0,0
2021-04-13,Candlestick,CDL_HARAMI,Bullish,Bearish,Bullish,Neutral,Negative,-0.009516232852996076,0.00713720489111358,-0.0007930093206275357,-1,1,-1,FCL,,0,1,0
2021-04-13,Indicator,EMA_Trend,Bearish,Bearish,Bullish,Neutral,Negative,-0.009516232852996076,0.00713720489111358,-0.0007930093206275357,-1,1,-1,FCL,,1,0,1
2021-04-13,Indicator,MACD_Trend,Bullish,Bearish,Bullish,Neutral,Negative,-0.009516232852996076,0.00713720489111358,-0.0007930093206275357,-1,1,-1,FCL,,0,1,0
2021-04-13,Indicator,CMF_State,Negative,Bearish,Bullish,Neutral,Negative,-0.009516232852996076,0.00713720489111358,-0.0007930093206275357,-1,1,-1,FCL,,0,0,0
2021-04-15,Candlestick,CDL_INVERTED_HAMMER,Bullish,Bearish,Bullish,Neutral,Negative,0.016813438338397324,0.008807033312110635,0.10168138048425335,1,1,1,FCL,,1,1,1
2021-04-15,Indicator,EMA_Trend,Bearish,Bearish,Bullish,Neutral,Negative,0.016813438338397324,0.008807033312110635,0.10168138048425335,1,1,1,FCL,,0,0,0
2021-04-15,Indicator,MACD_Trend,Bullish,Bearish,Bullish,Neutral,Negative,0.016813438338397324,0.008807033312110635,0.10168138048425335,1,1,1,FCL,,1,1,1
2021-04-15,Indicator,CMF_State,Negative,Bearish,Bullish,Neutral,Negative,0.016813438338397324,0.008807033312110635,0.10168138048425335,1,1,1,FCL,,0,0,0
2021-04-16,Indicator,EMA_Trend,Bearish,Bearish,Bullish,Neutral,Positive,-0.007874015748031482,0.08346461498831204,0.10472443347840787,-1,1,1,FCL,,1,0,0
2021-04-16,Indicator,MACD_Trend,Bullish,Bearish,Bullish,Neutral,Positive,-0.007874015748031482,0.08346461498831204,0.10472443347840787,-1,1,1,FCL,,0,1,1
2021-04-16,Indicator,CMF_State,Positive,Bearish,Bullish,Neutral,Positive,-0.007874015748031482,0.08346461498831204,0.10472443347840787,-1,1,1,FCL,,0,0,0
2021-04-19,Indicator,EMA_Trend,Bearish,Bearish,Bullish,Neutral,Positive,0.09206354050409216,0.11349208771236352,0.06587304009331607,1,1,1,FCL,,0,0,0
2021-04-19,Indicator,MACD_Trend,Bullish,Bearish,Bullish,Neutral,Positive,0.09206354050409216,0.11349208771236352,0.06587304009331607,1,1,1,FCL,,1,1,1
2021-04-19,Indicator,CMF_State,Positive,Bearish,Bullish,Neutral,Positive,0.09206354050409216,0.11349208771236352,0.06587304009331607,1,1,1,FCL,,0,0,0
2021-04-20,Indicator,EMA_Trend,Bearish,Bearish,Bullish,Neutral,Positive,0.019622069974408296,-0.023982579254213432,-0.011627950817908794,1,-1,-1,FCL,,0,1,1
2021-04-20,Indicator,MACD_Trend,Bullish,Bearish,Bullish,Neutral,Positive,0.019622069974408296,-0.023982579254213432,-0.011627950817908794,1,-1,-1,FCL,,1,0,0
2021-04-20,Indicator,CMF_State,Positive,Bearish,Bullish,Neutral,Positive,0.019622069974408296,-0.023982579254213432,-0.011627950817908794,1,-1,-1,FCL,,0,0,0
2021-04-22,Indicator,EMA_Trend,Bearish,Bearish,Bullish,Neutral,Positive,-0.042765501564433706,-0.030648631206169674,0.014255167188144569,-1,-1,1,FCL,,1,1,0
2021-04-22,Indicator,MACD_Trend,Bullish,Bearish,Bullish,Neutral,Positive,-0.042765501564433706,-0.030648631206169674,0.014255167188144569,-1,-1,1,FCL,,0,0,1
2021-04-22,Indicator,CMF_State,Positive,Bearish,Bullish,Neutral,Positive,-0.042765501564433706,-0.030648631206169674,0.014255167188144569,-1,-1,1,FCL,,0,0,0
2021-04-23,Candlestick,CDL_BULLISH_ENGULFING,Bearish,Bullish,Bullish,Neutral,Positive,0.012658204837024734,0.059568129696295546,0.08265071178329575,1,1,1,FCL,,0,0,0
2021-04-23,Candlestick,CDL_EVENING_STAR,Bearish,Bullish,Bullish,Neutral,Positive,0.012658204837024734,0.059568129696295546,0.08265071178329575,1,1,1,FCL,,0,0,0
2021-04-23,Indicator,EMA_Trend,Bullish,Bullish,Bullish,Neutral,Positive,0.012658204837024734,0.059568129696295546,0.08265071178329575,1,1,1,FCL,,1,1,1
2021-04-23,Indicator,MACD_Trend,Bullish,Bullish,Bullish,Neutral,Positive,0.012658204837024734,0.059568129696295546,0.08265071178329575,1,1,1,FCL,,1,1,1
2021-04-23,Indicator,CMF_State,Positive,Bullish,Bullish,Neutral,Positive,0.012658204837024734,0.059568129696295546,0.08265071178329575,1,1,1,FCL,,0,0,0
2021-04-26,Candlestick,CDL_HARAMI,Bullish,Bullish,Bullish,Neutral,Positive,0.04632355185116044,0.06911760218003216,0.04852945664349728,1,1,1,FCL,,1,1,1
2021-04-26,Indicator,EMA_Trend,Bullish,Bullish,Bullish,Neutral,Positive,0.04632355185116044,0.06911760218003216,0.04852945664349728,1,1,1,FCL,,1,1,1
2021-04-26,Indicator,MACD_Trend,Bullish,Bullish,Bullish,Neutral,Positive,0.04632355185116044,0.06911760218003216,0.04852945664349728,1,1,1,FCL,,1,1,1
2021-04-26,Indicator,CMF_State,Positive,Bullish,Bullish,Neutral,Positive,0.04632355185116044,0.06911760218003216,0.04852945664349728,1,1,1,FCL,,0,0,0
2021-04-27,Indicator,EMA_Trend,Bullish,Bullish,Bullish,Neutral,Positive,0.02178489654423288,0.0021082434667882843,0.009838326538722297,1,1,1,FCL,,1,1,1
2021-04-27,Indicator,MACD_Trend,Bullish,Bullish,Bullish,Neutral,Positive,0.02178489654423288,0.0021082434667882843,0.009838326538722297,1,1,1,FCL,,1,1,1
2021-04-27,Indicator,CMF_State,Positive,Bullish,Bullish,Neutral,Positive,0.02178489654423288,0.0021082434667882843,0.009838326538722297,1,1,1,FCL,,0,0,0
2021-04-28,Indicator,EMA_Trend,Bullish,Bullish,Bullish,Neutral,Positive,-0.019257138311588706,-0.011691863958759763,0.08665754217628119,-1,-1,1,FCL,,0,0,1
2021-04-28,Indicator,MACD_Trend,Bullish,Bullish,Bullish,Neutral,Positive,-0.019257138311588706,-0.011691863958759763,0.08665754217628119,-1,-1,1,FCL,,0,0,1
2021-04-28,Indicator,CMF_State,Positive,Bullish,Bullish,Neutral,Positive,-0.019257138311588706,-0.011691863958759763,0.08665754217628119,-1,-1,1,FCL,,0,0,0
2021-04-29,Candlestick,CDL_BULLISH_ENGULFING,Bearish,Bullish,Bullish,Neutral,Positive,0.007713820460344634,0.10799434247783468,0.09817671389044103,1,1,1,FCL,,0,0,0
2021-04-29,Indicator,EMA_Trend,Bullish,Bullish,Bullish,Neutral,Positive,0.007713820460344634,0.10799434247783468,0.09817671389044103,1,1,1,FCL,,1,1,1
2021-04-29,Indicator,MACD_Trend,Bullish,Bullish,Bullish,Neutral,Positive,0.007713820460344634,0.10799434247783468,0.09817671389044103,1,1,1,FCL,,1,1,1
2021-04-29,Indicator,CMF_State,Positive,Bullish,Bullish,Neutral,Positive,0.007713820460344634,0.10799434247783468,0.09817671389044103,1,1,1,FCL,,0,0,0
2021-04-30,Candlestick,CDL_HARAMI,Bullish,Bullish,Bullish,Neutral,Positive,0.09951289739350777,0.08977042052352835,0.14961726135417996,1,1,1,FCL,,1,1,1
2021-04-30,Candlestick,CDL_HARAMI_CROSS,Bullish,Bullish,Bullish,Neutral,Positive,0.09951289739350777,0.08977042052352835,0.14961726135417996,1,1,1,FCL,,1,1,1
2021-04-30,Indicator,EMA_Trend,Bullish,Bullish,Bullish,Neutral,Positive,0.09951289739350777,0.08977042052352835,0.14961726135417996,1,1,1,FCL,,1,1,1
2021-04-30,Indicator,MACD_Trend,Bullish,Bullish,Bullish,Neutral,Positive,0.09951289739350777,0.08977042052352835,0.14961726135417996,1,1,1,FCL,,1,1,1
2021-04-30,Indicator,CMF_State,Positive,Bullish,Bullish,Neutral,Positive,0.09951289739350777,0.08977042052352835,0.14961726135417996,1,1,1,FCL,,0,0,0
2021-05-03,Candlestick,CDL_THREE_INSIDE_UP,Bullish,Bullish,Bullish,Neutral,Positive,-0.008860720863825167,0.04556960093824158,0.04873415790026692,-1,1,1,FCL,,0,1,1
2021-05-03,Indicator,EMA_Trend,Bullish,Bullish,Bullish,Neutral,Positive,-0.008860720863825167,0.04556960093824158,0.04873415790026692,-1,1,1,FCL,,0,1,1
2021-05-03,Indicator,MACD_Trend,Bullish,Bullish,Bullish,Neutral,Positive,-0.008860720863825167,0.04556960093824158,0.04873415790026692,-1,1,1,FCL,,0,1,1
2021-05-03,Indicator,CMF_State,Positive,Bullish,Bullish,Neutral,Positive,-0.008860720863825167,0.04556960093824158,0.04873415790026692,-1,1,1,FCL,,0,0,0
2021-05-04,Indicator,EMA_Trend,Bullish,Bullish,Bullish,Neutral,Positive,0.05491692534827752,0.05810977324426991,0.037675566197515664,1,1,1,FCL,,1,1,1
2021-05-04,Indicator,MACD_Trend,Bullish,Bullish,Bullish,Neutral,Positive,0.05491692534827752,0.05810977324426991,0.037675566197515664,1,1,1,FCL,,1,1,1
2021-05-04,Indicator,CMF_State,Positive,Bullish,Bullish,Neutral,Positive,0.05491692534827752,0.05810977324426991,0.037675566197515664,1,1,1,FCL,,0,0,0
2021-05-05,Indicator,EMA_Trend,Bullish,Bullish,Bullish,Overbought,Positive,0.0030266344384779487,-0.016343807494670237,0.009685267149350585,1,-1,1,FCL,,1,0,1
2021-05-05,Indicator,MACD_Trend,Bullish,Bullish,Bullish,Overbought,Positive,0.0030266344384779487,-0.016343807494670237,0.009685267149350585,1,-1,1,FCL,,1,0,1
2021-05-05,Indicator,RSI_State,Overbought,Bullish,Bullish,Overbought,Positive,0.0030266344384779487,-0.016343807494670237,0.009685267149350585,1,-1,1,FCL,,0,0,0
2021-05-05,Indicator,CMF_State,Positive,Bullish,Bullish,Overbought,Positive,0.0030266344384779487,-0.016343807494670237,0.009685267149350585,1,-1,1,FCL,,0,0,0
2021-05-06,Indicator,EMA_Trend,Bullish,Bullish,Bullish,Overbought,Positive,-0.019311991594313294,0.006638540276251215,0.013276988465662942,-1,1,1,FCL,,0,1,1
2021-05-06,Indicator,MACD_Trend,Bullish,Bullish,Bullish,Overbought,Positive,-0.019311991594313294,0.006638540276251215,0.013276988465662942,-1,1,1,FCL,,0,1,1
2021-05-06,Indicator,RSI_State,Overbought,Bullish,Bullish,Overbought,Positive,-0.019311991594313294,0.006638540276251215,0.013276988465662942,-1,1,1,FCL,,0,0,0
2021-05-06,Indicator,CMF_State,Positive,Bullish,Bullish,Overbought,Positive,-0.019311991594313294,0.006638540276251215,0.013276988465662942,-1,1,1,FCL,,0,0,0
2021-05-07,Candlestick,CDL_EVENING_STAR,Bearish,Bullish,Bullish,Neutral,Positive,0.026461557241586497,0.03323073167067303,0.019076960637019136,1,1,1,FCL,,0,0,0
2021-05-07,Indicator,EMA_Trend,Bullish,Bullish,Bullish,Neutral,Positive,0.026461557241586497,0.03323073167067303,0.019076960637019136,1,1,1,FCL,,1,1,1
2021-05-07,Indicator,MACD_Trend,Bullish,Bullish,Bullish,Neutral,Positive,0.026461557241586497,0.03323073167067303,0.019076960637019136,1,1,1,FCL,,1,1,1
2021-05-07,Indicator,CMF_State,Positive,Bullish,Bullish,Neutral,Positive,0.026461557241586497,0.03323073167067303,0.019076960637019136,1,1,1,FCL,,0,0,0
2021-05-10,Candlestick,CDL_HARAMI,Bullish,Bullish,Bullish,Overbought,Positive,0.006594669212237614,-0.007194226176781449,-0.04316544854023796,1,-1,-1,FCL,,1,0,0
2021-05-10,Candlestick,CDL_HARAMI_CROSS,Bullish,Bullish,Bullish,Overbought,Positive,0.006594669212237614,-0.007194226176781449,-0.04316544854023796,1,-1,-1,FCL,,1,0,0
2021-05-10,Indicator,EMA_Trend,Bullish,Bullish,Bullish,Overbought,Positive,0.006594669212237614,-0.007194226176781449,-0.04316544854023796,1,-1,-1,FCL,,1,0,0
2021-05-10,Indicator,MACD_Trend,Bullish,Bullish,Bullish,Overbought,Positive,0.006594669212237614,-0.007194226176781449,-0.04316544854023796,1,-1,-1,FCL,,1,0,0
2021-05-10,Indicator,RSI_State,Overbought,Bullish,Bullish,Overbought,Positive,0.006594669212237614,-0.007194226176781449,-0.04316544854023796,1,-1,-1,FCL,,0,0,0
2021-05-10,Indicator,CMF_State,Positive,Bullish,Bullish,Overbought,Positive,0.006594669212237614,-0.007194226176781449,-0.04316544854023796,1,-1,-1,FCL,,0,0,0
2021-05-11,Candlestick,CDL_BULLISH_ENGULFING,Bullish,Bullish,Bullish,Overbought,Positive,-0.013698557930780897,-0.049434116108937776,-0.03990468845623041,-1,-1,-1,FCL,,0,0,0
2021-05-11,Indicator,EMA_Trend,Bullish,Bullish,Bullish,Overbought,Positive,-0.013698557930780897,-0.049434116108937776,-0.03990468845623041,-1,-1,-1,FCL,,0,0,0
2021-05-11,Indicator,MACD_Trend,Bullish,Bullish,Bullish,Overbought,Positive,-0.013698557930780897,-0.049434116108937776,-0.03990468845623041,-1,-1,-1,FCL,,0,0,0
2021-05-11,Indicator,RSI_State,Overbought,Bullish,Bullish,Overbought,Positive,-0.013698557930780897,-0.049434116108937776,-0.03990468845623041,-1,-1,-1,FCL,,0,0,0
2021-05-11,Indicator,CMF_State,Positive,Bullish,Bullish,Overbought,Positive,-0.013698557930780897,-0.049434116108937776,-0.03990468845623041,-1,-1,-1,FCL,,0,0,0
2021-05-12,Candlestick,CDL_BULLISH_ENGULFING,Bearish,Bullish,Bullish,Neutral,Positive,-0.03623188272257327,-0.026570102615352642,-0.016908230365689447,-1,-1,-1,FCL,,1,1,1
2021-05-12,Indicator,EMA_Trend,Bullish,Bullish,Bullish,Neutral,Positive,-0.03623188272257327,-0.026570102615352642,-0.016908230365689447,-1,-1,-1,FCL,,0,0,0
2021-05-12,Indicator,MACD_Trend,Bullish,Bullish,Bullish,Neutral,Positive,-0.03623188272257327,-0.026570102615352642,-0.016908230365689447,-1,-1,-1,FCL,,0,0,0
2021-05-12,Indicator,CMF_State,Positive,Bullish,Bullish,Neutral,Positive,-0.03623188272257327,-0.026570102615352642,-0.016908230365689447,-1,-1,-1,FCL,,0,0,0
2021-05-14,Candlestick,CDL_THREE_OUTSIDE_UP,Bearish,Bullish,Bullish,Neutral,Positive,0.010025004909390844,0.020050105425226006,-0.000626604634656247,1,1,-1,FCL,,0,0,1
2021-05-14,Indicator,EMA_Trend,Bullish,Bullish,Bullish,Neutral,Positive,0.010025004909390844,0.020050105425226006,-0.000626604634656247,1,1,-1,FCL,,1,1,0
2021-05-14,Indicator,MACD_Trend,Bullish,Bullish,Bullish,Neutral,Positive,0.010025004909390844,0.020050105425226006,-0.000626604634656247,1,1,-1,FCL,,1,1,0
2021-05-14,Indicator,CMF_State,Positive,Bullish,Bullish,Neutral,Positive,0.010025004909390844,0.020050105425226006,-0.000626604634656247,1,1,-1,FCL,,0,0,0
2021-05-17,Candlestick,CDL_HARAMI,Bullish,Bullish,Bullish,Neutral,Positive,0.009925596363561606,-0.01054588697534542,-0.007444149943920175,1,-1,-1,FCL,,1,0,0
2021-05-17,Indicator,EMA_Trend,Bullish,Bullish,Bullish,Neutral,Positive,0.009925596363561606,-0.01054588697534542,-0.007444149943920175,1,-1,-1,FCL,,1,0,0
2021-05-17,Indicator,MACD_Trend,Bullish,Bullish,Bullish,Neutral,Positive,0.009925596363561606,-0.01054588697534542,-0.007444149943920175,1,-1,-1,FCL,,1,0,0
2021-05-17,Indicator,CMF_State,Positive,Bullish,Bullish,Neutral,Positive,0.009925596363561606,-0.01054588697534542,-0.007444149943920175,1,-1,-1,FCL,,0,0,0
2021-05-18,Indicator,EMA_Trend,Bullish,Bullish,Bullish,Neutral,Positive,-0.020270288635735878,-0.017199035622054826,0.02457002410944864,-1,-1,1,FCL,,0,0,1
2021-05-18,Indicator,MACD_Trend,Bullish,Bullish,Bullish,Neutral,Positive,-0.020270288635735878,-0.017199035622054826,0.02457002410944864,-1,-1,1,FCL,,0,0,1
2021-05-18,Indicator,CMF_State,Positive,Bullish,Bullish,Neutral,Positive,-0.020270288635735878,-0.017199035622054826,0.02457002410944864,-1,-1,1,FCL,,0,0,0
2021-05-19,Candlestick,CDL_BULLISH_ENGULFING,Bearish,Bullish,Bearish,Neutral,Positive,0.0031347962382444194,0.04576804421164771,0.030720964868240497,1,1,1,FCL,,0,0,0
2021-05-19,Indicator,EMA_Trend,Bullish,Bullish,Bearish,Neutral,Positive,0.0031347962382444194,0.04576804421164771,0.030720964868240497,1,1,1,FCL,,1,1,1
2021-05-19,Indicator,MACD_Trend,Bearish,Bullish,Bearish,Neutral,Positive,0.0031347962382444194,0.04576804421164771,0.030720964868240497,1,1,1,FCL,,0,0,0
2021-05-19,Indicator,CMF_State,Positive,Bullish,Bearish,Neutral,Positive,0.0031347962382444194,0.04576804421164771,0.030720964868240497,1,1,1,FCL,,0,0,0
2021-05-20,Indicator,EMA_Trend,Bullish,Bullish,Bearish,Neutral,Negative,0.04250001907348633,0.027499961853027388,0.08937501907348633,1,1,1,FCL,,1,1,1
2021-05-20,Indicator,MACD_Trend,Bearish,Bullish,Bearish,Neutral,Negative,0.04250001907348633,0.027499961853027388,0.08937501907348633,1,1,1,FCL,,0,0,0
2021-05-20,Indicator,CMF_State,Negative,Bullish,Bearish,Neutral,Negative,0.04250001907348633,0.027499961853027388,0.08937501907348633,1,1,1,FCL,,0,0,0
2021-05-21,Indicator,EMA_Trend,Bullish,Bullish,Bearish,Neutral,Negative,-0.014388543833112055,0.04496402795432064,0.09232610080771875,-1,1,1,FCL,,0,1,1
2021-05-21,Indicator,MACD_Trend,Bearish,Bullish,Bearish,Neutral,Negative,-0.014388543833112055,0.04496402795432064,0.09232610080771875,-1,1,1,FCL,,1,0,0
2021-05-21,Indicator,CMF_State,Negative,Bullish,Bearish,Neutral,Negative,-0.014388543833112055,0.04496402795432064,0.09232610080771875,-1,1,1,FCL,,0,0,0
2021-05-24,Indicator,EMA_Trend,Bullish,Bullish,Bearish,Neutral,Negative,0.06021903602689327,0.10827252866545556,0.08394162751883738,1,1,1,FCL,,1,1,1
2021-05-24,Indicator,MACD_Trend,Bearish,Bullish,Bearish,Neutral,Negative,0.06021903602689327,0.10827252866545556,0.08394162751883738,1,1,1,FCL,,0,0,0
2021-05-24,Indicator,CMF_State,Negative,Bullish,Bearish,Neutral,Negative,0.06021903602689327,0.10827252866545556,0.08394162751883738,1,1,1,FCL,,0,0,0
2021-05-25,Indicator,EMA_Trend,Bullish,Bullish,Bullish,Neutral,Positive,0.04532411794702318,0.022375179737238904,0.02065399186285477,1,1,1,FCL,,1,1,1
2021-05-25,Indicator,MACD_Trend,Bullish,Bullish,Bullish,Neutral,Positive,0.04532411794702318,0.022375179737238904,0.02065399186285477,1,1,1,FCL,,1,1,1
2021-05-25,Indicator,CMF_State,Positive,Bullish,Bullish,Neutral,Positive,0.04532411794702318,0.022375179737238904,0.02065399186285477,1,1,1,FCL,,0,0,0
2021-05-26,Indicator,EMA_Trend,Bullish,Bullish,Bullish,Overbought,Positive,-0.02195389718440166,-0.023600456222726107,-0.02908893051882644,-1,-1,-1,FCL,,0,0,0
2021-05-26,Indicator,MACD_Trend,Bullish,Bullish,Bullish,Overbought,Positive,-0.02195389718440166,-0.023600456222726107,-0.02908893051882644,-1,-1,-1,FCL,,0,0,0
2021-05-26,Indicator,RSI_State,Overbought,Bullish,Bullish,Overbought,Positive,-0.02195389718440166,-0.023600456222726107,-0.02908893051882644,-1,-1,-1,FCL,,0,0,0
2021-05-26,Indicator,CMF_State,Positive,Bullish,Bullish,Overbought,Positive,-0.02195389718440166,-0.023600456222726107,-0.02908893051882644,-1,-1,-1,FCL,,0,0,0
2021-05-27,Indicator,EMA_Trend,Bullish,Bullish,Bullish,Neutral,Positive,-0.001683518837797493,-0.007295191212238872,-0.0375981877832926,-1,-1,-1,FCL,,0,0,0
2021-05-27,Indicator,MACD_Trend,Bullish,Bullish,Bullish,Neutral,Positive,-0.001683518837797493,-0.007295191212238872,-0.0375981877832926,-1,-1,-1,FCL,,0,0,0
2021-05-27,Indicator,CMF_State,Positive,Bullish,Bullish,Neutral,Positive,-0.001683518837797493,-0.007295191212238872,-0.0375981877832926,-1,-1,-1,FCL,,0,0,0
2021-05-28,Indicator,EMA_Trend,Bullish,Bullish,Bullish,Neutral,Positive,-0.005621135662218557,-0.03597523392950974,0.03260260399521253,-1,-1,1,FCL,,0,0,1
2021-05-28,Indicator,MACD_Trend,Bullish,Bullish,Bullish,Neutral,Positive,-0.005621135662218557,-0.03597523392950974,0.03260260399521253,-1,-1,1,FCL,,0,0,1
2021-05-28,Indicator,CMF_State,Positive,Bullish,Bullish,Neutral,Positive,-0.005621135662218557,-0.03597523392950974,0.03260260399521253,-1,-1,1,FCL,,0,0,0
2021-05-31,Indicator,EMA_Trend,Bullish,Bullish,Bullish,Neutral,Positive,-0.030525687296768744,0.03843981507278582,0.020350515702234784,-1,1,1,FCL,,0,1,1
2021-05-31,Indicator,MACD_Trend,Bullish,Bullish,Bullish,Neutral,Positive,-0.030525687296768744,0.03843981507278582,0.020350515702234784,-1,1,1,FCL,,0,1,1
2021-05-31,Indicator,CMF_State,Positive,Bullish,Bullish,Neutral,Positive,-0.030525687296768744,0.03843981507278582,0.020350515702234784,-1,1,1,FCL,,0,0,0
2021-06-01,Indicator,EMA_Trend,Bullish,Bullish,Bearish,Neutral,Negative,0.07113700844456083,0.05247813411078717,0.04781339328421108,1,1,1,FCL,,1,1,1
2021-06-01,Indicator,MACD_Trend,Bearish,Bullish,Bearish,Neutral,Negative,0.07113700844456083,0.05247813411078717,0.04781339328421108,1,1,1,FCL,,0,0,0
2021-06-01,Indicator,CMF_State,Negative,Bullish,Bearish,Neutral,Negative,0.07113700844456083,0.05247813411078717,0.04781339328421108,1,1,1,FCL,,0,0,0
2021-06-02,Indicator,EMA_Trend,Bullish,Bullish,Bullish,Neutral,Positive,-0.017419689719122777,-0.02177463291481163,0.0,-1,-1,0,FCL,,0,0,0
2021-06-02,Indicator,MACD_Trend,Bullish,Bullish,Bullish,Neutral,Positive,-0.017419689719122777,-0.02177463291481163,0.0,-1,-1,0,FCL,,0,0,0
2021-06-02,Indicator,CMF_State,Positive,Bullish,Bullish,Neutral,Positive,-0.017419689719122777,-0.02177463291481163,0.0,-1,-1,0,FCL,,0,0,0
2021-06-03,Indicator,EMA_Trend,Bullish,Bullish,Bullish,Neutral,Positive,-0.004432149871234414,0.017728514948710083,0.00332413353748251,-1,1,1,FCL,,0,1,1
2021-06-03,Indicator,MACD_Trend,Bullish,Bullish,Bullish,Neutral,Positive,-0.004432149871234414,0.017728514948710083,0.00332413353748251,-1,1,1,FCL,,0,1,1
2021-06-03,Indicator,CMF_State,Positive,Bullish,Bullish,Neutral,Positive,-0.004432149871234414,0.017728514948710083,0.00332413353748251,-1,1,1,FCL,,0,0,0
2021-06-04,Indicator,EMA_Trend,Bullish,Bullish,Bullish,Neutral,Positive,0.02225932146872589,0.007790813461597601,0.00500839827800692,1,1,1,FCL,,1,1,1
2021-06-04,Indicator,MACD_Trend,Bullish,Bullish,Bullish,Neutral,Positive,0.02225932146872589,0.007790813461597601,0.00500839827800692,1,1,1,FCL,,1,1,1
2021-06-04,Indicator,CMF_State,Positive,Bullish,Bullish,Neutral,Positive,0.02225932146872589,0.007790813461597601,0.00500839827800692,1,1,1,FCL,,0,0,0
2021-06-07,Indicator,EMA_Trend,Bullish,Bullish,Bullish,Neutral,Positive,-0.014153461556448144,-0.016875290670799625,0.014153544620080671,-1,-1,1,FCL,,0,0,1
2021-06-07,Indicator,MACD_Trend,Bullish,Bullish,Bullish,Neutral,Positive,-0.014153461556448144,-0.016875290670799625,0.014153544620080671,-1,-1,1,FCL,,0,0,1
2021-06-07,Indicator,CMF_State,Positive,Bullish,Bullish,Neutral,Positive,-0.014153461556448144,-0.016875290670799625,0.014153544620080671,-1,-1,1,FCL,,0,0,0
2021-06-08,Indicator,EMA_Trend,Bullish,Bullish,Bearish,Neutral,Positive,-0.002760905483980003,0.028713400182162063,0.022639374414946456,-1,1,1,FCL,,0,1,1
2021-06-08,Indicator,MACD_Trend,Bearish,Bullish,Bearish,Neutral,Positive,-0.002760905483980003,0.028713400182162063,0.022639374414946456,-1,1,1,FCL,,1,0,0
2021-06-08,Indicator,CMF_State,Positive,Bullish,Bearish,Neutral,Positive,-0.002760905483980003,0.028713400182162063,0.022639374414946456,-1,1,1,FCL,,0,0,0
2021-06-09,Indicator,EMA_Trend,Bullish,Bullish,Bearish,Neutral,Positive,0.03156144382949311,0.025470601823180283,0.014950148709821365,1,1,1,FCL,,1,1,1
2021-06-09,Indicator,MACD_Trend,Bearish,Bullish,Bearish,Neutral,Positive,0.03156144382949311,0.025470601823180283,0.014950148709821365,1,1,1,FCL,,0,0,0
2021-06-09,Indicator,CMF_State,Positive,Bullish,Bearish,Neutral,Positive,0.03156144382949311,0.025470601823180283,0.014950148709821365,1,1,1,FCL,,0,0,0
2021-06-10,Indicator,EMA_Trend,Bullish,Bullish,Bearish,Neutral,Positive,-0.005904487844855422,-0.016103059317538193,-0.017176580224495197,-1,-1,-1,FCL,,0,0,0
2021-06-10,Indicator,MACD_Trend,Bearish,Bullish,Bearish,Neutral,Positive,-0.005904487844855422,-0.016103059317538193,-0.017176580224495197,-1,-1,-1,FCL,,1,1,1
2021-06-10,Indicator,CMF_State,Positive,Bullish,Bearish,Neutral,Positive,-0.005904487844855422,-0.016103059317538193,-0.017176580224495197,-1,-1,-1,FCL,,0,0,0
2021-06-11,Indicator,EMA_Trend,Bullish,Bullish,Bearish,Neutral,Positive,-0.010259146478362902,-0.01133904362489524,-0.033477305887725795,-1,-1,-1,FCL,,0,0,0
2021-06-11,Indicator,MACD_Trend,Bearish,Bullish,Bearish,Neutral,Positive,-0.010259146478362902,-0.01133904362489524,-0.033477305887725795,-1,-1,-1,FCL,,1,1,1
2021-06-11,Indicator,CMF_State,Positive,Bullish,Bearish,Neutral,Positive,-0.010259146478362902,-0.01133904362489524,-0.033477305887725795,-1,-1,-1,FCL,,0,0,0
2021-06-14,Indicator,EMA_Trend,Bullish,Bullish,Bearish,Neutral,Positive,-0.00109109080694203,-0.023458826951266554,-0.022367736144324635,-1,-1,-1,FCL,,0,0,0
2021-06-14,Indicator,MACD_Trend,Bearish,Bullish,Bearish,Neutral,Positive,-0.00109109080694203,-0.023458826951266554,-0.022367736144324635,-1,-1,-1,FCL,,1,1,1
2021-06-14,Indicator,CMF_State,Positive,Bullish,Bearish,Neutral,Positive,-0.00109109080694203,-0.023458826951266554,-0.022367736144324635,-1,-1,-1,FCL,,0,0,0
2021-06-15,Indicator,EMA_Trend,Bullish,Bullish,Bearish,Neutral,Positive,-0.022392168033012805,-0.021299885446582345,-0.03113059539609586,-1,-1,-1,FCL,,0,0,0
2021-06-15,Indicator,MACD_Trend,Bearish,Bullish,Bearish,Neutral,Positive,-0.022392168033012805,-0.021299885446582345,-0.03113059539609586,-1,-1,-1,FCL,,1,1,1
2021-06-15,Indicator,CMF_State,Positive,Bullish,Bearish,Neutral,Positive,-0.022392168033012805,-0.021299885446582345,-0.03113059539609586,-1,-1,-1,FCL,,0,0,0
2021-06-16,Indicator,EMA_Trend,Bullish,Bullish,Bearish,Neutral,Positive,0.0011173013868279735,-0.008938581583886163,0.003910597476213251,1,-1,1,FCL,,1,0,1
2021-06-16,Indicator,MACD_Trend,Bearish,Bullish,Bearish,Neutral,Positive,0.0011173013868279735,-0.008938581583886163,0.003910597476213251,1,-1,1,FCL,,0,1,0
2021-06-16,Indicator,CMF_State,Positive,Bullish,Bearish,Neutral,Positive,0.0011173013868279735,-0.008938581583886163,0.003910597476213251,1,-1,1,FCL,,0,0,0
2021-06-17,Indicator,EMA_Trend,Bullish,Bullish,Bearish,Neutral,Positive,-0.010044660058100896,0.0027901786189450384,-0.006696411655569223,-1,1,-1,FCL,,0,1,0
2021-06-17,Indicator,MACD_Trend,Bearish,Bullish,Bearish,Neutral,Positive,-0.010044660058100896,0.0027901786189450384,-0.006696411655569223,-1,1,-1,FCL,,1,0,1
2021-06-17,Indicator,CMF_State,Positive,Bullish,Bearish,Neutral,Positive,-0.010044660058100896,0.0027901786189450384,-0.006696411655569223,-1,1,-1,FCL,,0,0,0
2021-06-18,Indicator,EMA_Trend,Bullish,Bullish,Bearish,Neutral,Negative,0.012965068381568745,0.0033822216694423535,-0.007328003594674892,1,1,-1,FCL,,1,1,0
2021-06-18,Indicator,MACD_Trend,Bearish,Bullish,Bearish,Neutral,Negative,0.012965068381568745,0.0033822216694423535,-0.007328003594674892,1,1,-1,FCL,,0,0,1
2021-06-18,Indicator,CMF_State,Negative,Bullish,Bearish,Neutral,Negative,0.012965068381568745,0.0033822216694423535,-0.007328003594674892,1,1,-1,FCL,,0,0,0
2021-06-21,Indicator,EMA_Trend,Bullish,Bullish,Bearish,Neutral,Positive,-0.009460194641694009,-0.02003333837430976,0.003338932185338095,-1,-1,1,FCL,,0,0,1
2021-06-21,Indicator,MACD_Trend,Bearish,Bullish,Bearish,Neutral,Positive,-0.009460194641694009,-0.02003333837430976,0.003338932185338095,-1,-1,1,FCL,,1,1,0
2021-06-21,Indicator,CMF_State,Positive,Bullish,Bearish,Neutral,Positive,-0.009460194641694009,-0.02003333837430976,0.003338932185338095,-1,-1,1,FCL,,0,0,0
2021-06-22,Indicator,EMA_Trend,Bullish,Bullish,Bearish,Neutral,Negative,-0.010674123013957204,0.01292136545931366,0.015730354223358445,-1,1,1,FCL,,0,1,1
2021-06-22,Indicator,MACD_Trend,Bearish,Bullish,Bearish,Neutral,Negative,-0.010674123013957204,0.01292136545931366,0.015730354223358445,-1,1,1,FCL,,1,0,0
2021-06-22,Indicator,CMF_State,Negative,Bullish,Bearish,Neutral,Negative,-0.010674123013957204,0.01292136545931366,0.015730354223358445,-1,1,1,FCL,,0,0,0
2021-06-23,Indicator,EMA_Trend,Bullish,Bullish,Bearish,Neutral,Negative,0.02385006702256076,0.026689362778780534,0.007949993458043592,1,1,1,FCL,,1,1,1
2021-06-23,Indicator,MACD_Trend,Bearish,Bullish,Bearish,Neutral,Negative,0.02385006702256076,0.026689362778780534,0.007949993458043592,1,1,1,FCL,,0,0,0
2021-06-23,Indicator,CMF_State,Negative,Bullish,Bearish,Neutral,Negative,0.02385006702256076,0.026689362778780534,0.007949993458043592,1,1,1,FCL,,0,0,0
2021-06-24,Candlestick,CDL_HARAMI,Bullish,Bullish,Bearish,Neutral,Negative,0.0027731558044203908,-0.015529689430754057,-0.016638934826522456,1,-1,-1,FCL,,1,0,0
2021-06-24,Indicator,EMA_Trend,Bullish,Bullish,Bearish,Neutral,Negative,0.0027731558044203908,-0.015529689430754057,-0.016638934826522456,1,-1,-1,FCL,,1,0,0
2021-06-24,Indicator,MACD_Trend,Bearish,Bullish,Bearish,Neutral,Negative,0.0027731558044203908,-0.015529689430754057,-0.016638934826522456,1,-1,-1,FCL,,0,1,1
2021-06-24,Indicator,CMF_State,Negative,Bullish,Bearish,Neutral,Negative,0.0027731558044203908,-0.015529689430754057,-0.016638934826522456,1,-1,-1,FCL,,0,0,0
2021-06-25,Candlestick,CDL_SHOOTING_STAR,Bearish,Bullish,Bearish,Neutral,Negative,-0.01825222896048906,-0.0193584067528918,-0.035951326826799024,-1,-1,-1,FCL,,1,1,1
2021-06-25,Indicator,EMA_Trend,Bullish,Bullish,Bearish,Neutral,Negative,-0.01825222896048906,-0.0193584067528918,-0.035951326826799024,-1,-1,-1,FCL,,0,0,0
2021-06-25,Indicator,MACD_Trend,Bearish,Bullish,Bearish,Neutral,Negative,-0.01825222896048906,-0.0193584067528918,-0.035951326826799024,-1,-1,-1,FCL,,1,1,1
2021-06-25,Indicator,CMF_State,Negative,Bullish,Bearish,Neutral,Negative,-0.01825222896048906,-0.0193584067528918,-0.035951326826799024,-1,-1,-1,FCL,,0,0,0
2021-06-28,Indicator,EMA_Trend,Bullish,Bullish,Bearish,Neutral,Negative,-0.0011267433703785468,-0.01802815182108275,-0.036619718309859106,-1,-1,-1,FCL,,0,0,0
2021-06-28,Indicator,MACD_Trend,Bearish,Bullish,Bearish,Neutral,Negative,-0.0011267433703785468,-0.01802815182108275,-0.036619718309859106,-1,-1,-1,FCL,,1,1,1
2021-06-28,Indicator,CMF_State,Negative,Bullish,Bearish,Neutral,Negative,-0.0011267433703785468,-0.01802815182108275,-0.036619718309859106,-1,-1,-1,FCL,,0,0,0
2021-06-29,Candlestick,CDL_INVERTED_HAMMER,Bullish,Bullish,Bearish,Neutral,Negative,-0.016920473482023746,-0.03553301152464561,-0.021996667163817984,-1,-1,-1,FCL,,0,0,0
2021-06-29,Indicator,EMA_Trend,Bullish,Bullish,Bearish,Neutral,Negative,-0.016920473482023746,-0.03553301152464561,-0.021996667163817984,-1,-1,-1,FCL,,0,0,0
2021-06-29,Indicator,MACD_Trend,Bearish,Bullish,Bearish,Neutral,Negative,-0.016920473482023746,-0.03553301152464561,-0.021996667163817984,-1,-1,-1,FCL,,1,1,1
2021-06-29,Indicator,CMF_State,Negative,Bullish,Bearish,Neutral,Negative,-0.016920473482023746,-0.03553301152464561,-0.021996667163817984,-1,-1,-1,FCL,,0,0,0
2021-06-30,Candlestick,CDL_BULLISH_ENGULFING,Bearish,Bullish,Bearish,Neutral,Negative,-0.018932891531722396,-0.005163563623152512,0.03786569552019303,-1,-1,1,FCL,,1,1,0
2021-06-30,Indicator,EMA_Trend,Bullish,Bullish,Bearish,Neutral,Negative,-0.018932891531722396,-0.005163563623152512,0.03786569552019303,-1,-1,1,FCL,,0,0,1
2021-06-30,Indicator,MACD_Trend,Bearish,Bullish,Bearish,Neutral,Negative,-0.018932891531722396,-0.005163563623152512,0.03786569552019303,-1,-1,1,FCL,,1,1,0
2021-06-30,Indicator,CMF_State,Negative,Bullish,Bearish,Neutral,Negative,-0.018932891531722396,-0.005163563623152512,0.03786569552019303,-1,-1,1,FCL,,0,0,0
2021-07-01,Indicator,EMA_Trend,Bullish,Bullish,Bearish,Neutral,Negative,0.01403505202622446,0.05789470114903161,0.034502888283534316,1,1,1,FCL,,1,1,1
2021-07-01,Indicator,MACD_Trend,Bearish,Bullish,Bearish,Neutral,Negative,0.01403505202622446,0.05789470114903161,0.034502888283534316,1,1,1,FCL,,0,0,0
2021-07-01,Indicator,CMF_State,Negative,Bullish,Bearish,Neutral,Negative,0.01403505202622446,0.05789470114903161,0.034502888283534316,1,1,1,FCL,,0,0,0
2021-07-02,Candlestick,CDL_HARAMI,Bullish,Bullish,Bearish,Neutral,Negative,0.04325259667815984,0.020184545116474606,0.022491403071223104,1,1,1,FCL,,1,1,1
2021-07-02,Indicator,EMA_Trend,Bullish,Bullish,Bearish,Neutral,Negative,0.04325259667815984,0.020184545116474606,0.022491403071223104,1,1,1,FCL,,1,1,1
2021-07-02,Indicator,MACD_Trend,Bearish,Bullish,Bearish,Neutral,Negative,0.04325259667815984,0.020184545116474606,0.022491403071223104,1,1,1,FCL,,0,0,0
2021-07-02,Indicator,CMF_State,Negative,Bullish,Bearish,Neutral,Negative,0.04325259667815984,0.020184545116474606,0.022491403071223104,1,1,1,FCL,,0,0,0
2021-07-05,Candlestick,CDL_THREE_INSIDE_UP,Bullish,Bullish,Bearish,Neutral,Negative,-0.02211166464875025,-0.019900447574291213,-0.03593145505421902,-1,-1,-1,FCL,,0,0,0
2021-07-05,Indicator,EMA_Trend,Bullish,Bullish,Bearish,Neutral,Negative,-0.02211166464875025,-0.019900447574291213,-0.03593145505421902,-1,-1,-1,FCL,,0,0,0
2021-07-05,Indicator,MACD_Trend,Bearish,Bullish,Bearish,Neutral,Negative,-0.02211166464875025,-0.019900447574291213,-0.03593145505421902,-1,-1,-1,FCL,,1,1,1
2021-07-05,Indicator,CMF_State,Negative,Bullish,Bearish,Neutral,Negative,-0.02211166464875025,-0.019900447574291213,-0.03593145505421902,-1,-1,-1,FCL,,0,0,0
2021-07-06,Candlestick,CDL_BULLISH_ENGULFING,Bearish,Bullish,Bearish,Neutral,Negative,0.0022612163316835243,-0.014132278610834326,0.0033917813692334597,1,-1,1,FCL,,0,1,0
2021-07-06,Indicator,EMA_Trend,Bullish,Bullish,Bearish,Neutral,Negative,0.0022612163316835243,-0.014132278610834326,0.0033917813692334597,1,-1,1,FCL,,1,0,1
2021-07-06,Indicator,MACD_Trend,Bearish,Bullish,Bearish,Neutral,Negative,0.0022612163316835243,-0.014132278610834326,0.0033917813692334597,1,-1,1,FCL,,0,1,0
2021-07-06,Indicator,CMF_State,Negative,Bullish,Bearish,Neutral,Negative,0.0022612163316835243,-0.014132278610834326,0.0033917813692334597,1,-1,1,FCL,,0,0,0
2021-07-07,Candlestick,CDL_HARAMI,Bullish,Bullish,Bearish,Neutral,Negative,-0.01635650933647681,0.0011280143530725262,0.014100394568353103,-1,1,1,FCL,,0,1,1
2021-07-07,Candlestick,CDL_HARAMI_CROSS,Bullish,Bullish,Bearish,Neutral,Negative,-0.01635650933647681,0.0011280143530725262,0.014100394568353103,-1,1,1,FCL,,0,1,1
2021-07-07,Indicator,EMA_Trend,Bullish,Bullish,Bearish,Neutral,Negative,-0.01635650933647681,0.0011280143530725262,0.014100394568353103,-1,1,1,FCL,,0,1,1
2021-07-07,Indicator,MACD_Trend,Bearish,Bullish,Bearish,Neutral,Negative,-0.01635650933647681,0.0011280143530725262,0.014100394568353103,-1,1,1,FCL,,1,0,0
2021-07-07,Indicator,CMF_State,Negative,Bullish,Bearish,Neutral,Negative,-0.01635650933647681,0.0011280143530725262,0.014100394568353103,-1,1,1,FCL,,0,0,0
2021-07-08,Indicator,EMA_Trend,Bullish,Bullish,Bearish,Neutral,Negative,0.017775264977105687,0.030963356331759062,0.07454128701240781,1,1,1,FCL,,1,1,1
2021-07-08,Indicator,MACD_Trend,Bearish,Bullish,Bearish,Neutral,Negative,0.017775264977105687,0.030963356331759062,0.07454128701240781,1,1,1,FCL,,0,0,0
2021-07-08,Indicator,CMF_State,Negative,Bullish,Bearish,Neutral,Negative,0.017775264977105687,0.030963356331759062,0.07454128701240781,1,1,1,FCL,,0,0,0
2021-07-09,Candlestick,CDL_BULLISH_ENGULFING,Bullish,Bullish,Bearish,Neutral,Negative,0.012957763671874956,0.055774613501320625,0.08394362758582763,1,1,1,FCL,,1,1,1
2021-07-09,Indicator,EMA_Trend,Bullish,Bullish,Bearish,Neutral,Negative,0.012957763671874956,0.055774613501320625,0.08394362758582763,1,1,1,FCL,,1,1,1
2021-07-09,Indicator,MACD_Trend,Bearish,Bullish,Bearish,Neutral,Negative,0.012957763671874956,0.055774613501320625,0.08394362758582763,1,1,1,FCL,,0,0,0
2021-07-09,Indicator,CMF_State,Negative,Bullish,Bearish,Neutral,Negative,0.012957763671874956,0.055774613501320625,0.08394362758582763,1,1,1,FCL,,0,0,0
2021-07-12,Candlestick,CDL_THREE_OUTSIDE_UP,Bullish,Bullish,Bearish,Neutral,Negative,0.04226913635000784,0.07007781218501719,0.05561735167001847,1,1,1,FCL,,1,1,1
2021-07-12,Indicator,EMA_Trend,Bullish,Bullish,Bearish,Neutral,Negative,0.04226913635000784,0.07007781218501719,0.05561735167001847,1,1,1,FCL,,1,1,1
2021-07-12,Indicator,MACD_Trend,Bearish,Bullish,Bearish,Neutral,Negative,0.04226913635000784,0.07007781218501719,0.05561735167001847,1,1,1,FCL,,0,0,0
2021-07-12,Indicator,CMF_State,Negative,Bullish,Bearish,Neutral,Negative,0.04226913635000784,0.07007781218501719,0.05561735167001847,1,1,1,FCL,,0,0,0
2021-07-13,Indicator,EMA_Trend,Bullish,Bullish,Bullish,Neutral,Negative,0.026680897347103993,0.012806879580791852,0.024546458128790194,1,1,1,FCL,,1,1,1
2021-07-13,Indicator,MACD_Trend,Bullish,Bullish,Bullish,Neutral,Negative,0.026680897347103993,0.012806879580791852,0.024546458128790194,1,1,1,FCL,,1,1,1
2021-07-13,Indicator,CMF_State,Negative,Bullish,Bullish,Neutral,Negative,0.026680897347103993,0.012806879580791852,0.024546458128790194,1,1,1,FCL,,0,0,0
2021-07-14,Indicator,EMA_Trend,Bullish,Bullish,Bullish,Neutral,Negative,-0.013513466357620851,-0.0020789704218993066,0.0467775482614734,-1,-1,1,FCL,,0,0,1
2021-07-14,Indicator,MACD_Trend,Bullish,Bullish,Bullish,Neutral,Negative,-0.013513466357620851,-0.0020789704218993066,0.0467775482614734,-1,-1,1,FCL,,0,0,1
2021-07-14,Indicator,CMF_State,Negative,Bullish,Bullish,Neutral,Negative,-0.013513466357620851,-0.0020789704218993066,0.0467775482614734,-1,-1,1,FCL,,0,0,0
2021-07-15,Indicator,EMA_Trend,Bullish,Bullish,Bullish,Neutral,Negative,0.011591132312270158,0.06111691600744229,0.09799784270632728,1,1,1,FCL,,1,1,1
2021-07-15,Indicator,MACD_Trend,Bullish,Bullish,Bullish,Neutral,Negative,0.011591132312270158,0.06111691600744229,0.09799784270632728,1,1,1,FCL,,1,1,1
2021-07-15,Indicator,CMF_State,Negative,Bullish,Bullish,Neutral,Negative,0.011591132312270158,0.06111691600744229,0.09799784270632728,1,1,1,FCL,,0,0,0
2021-07-16,Indicator,EMA_Trend,Bullish,Bullish,Bullish,Neutral,Negative,0.048958301544189675,0.08541663487752293,0.13645831743876147,1,1,1,FCL,,1,1,1
2021-07-16,Indicator,MACD_Trend,Bullish,Bullish,Bullish,Neutral,Negative,0.048958301544189675,0.08541663487752293,0.13645831743876147,1,1,1,FCL,,1,1,1
2021-07-16,Indicator,CMF_State,Negative,Bullish,Bullish,Neutral,Negative,0.048958301544189675,0.08541663487752293,0.13645831743876147,1,1,1,FCL,,0,0,0
2021-07-19,Indicator,EMA_Trend,Bullish,Bullish,Bullish,Overbought,Negative,0.03475670413176801,0.08341610506896369,0.015888839642546948,1,1,1,FCL,,1,1,1
2021-07-19,Indicator,MACD_Trend,Bullish,Bullish,Bullish,Overbought,Negative,0.03475670413176801,0.08341610506896369,0.015888839642546948,1,1,1,FCL,,1,1,1
2021-07-19,Indicator,RSI_State,Overbought,Bullish,Bullish,Overbought,Negative,0.03475670413176801,0.08341610506896369,0.015888839642546948,1,1,1,FCL,,0,0,0
2021-07-19,Indicator,CMF_State,Negative,Bullish,Bullish,Overbought,Negative,0.03475670413176801,0.08341610506896369,0.015888839642546948,1,1,1,FCL,,0,0,0
2021-07-20,Indicator,EMA_Trend,Bullish,Bullish,Bullish,Overbought,Positive,0.04702496803635037,-0.018234107026204205,0.03742803877255474,1,-1,1,FCL,,1,0,1
2021-07-20,Indicator,MACD_Trend,Bullish,Bullish,Bullish,Overbought,Positive,0.04702496803635037,-0.018234107026204205,0.03742803877255474,1,-1,1,FCL,,1,0,1
2021-07-20,Indicator,RSI_State,Overbought,Bullish,Bullish,Overbought,Positive,0.04702496803635037,-0.018234107026204205,0.03742803877255474,1,-1,1,FCL,,0,0,0
2021-07-20,Indicator,CMF_State,Positive,Bullish,Bullish,Overbought,Positive,0.04702496803635037,-0.018234107026204205,0.03742803877255474,1,-1,1,FCL,,0,0,0
2021-07-22,Indicator,EMA_Trend,Bullish,Bullish,Bullish,Overbought,Positive,-0.0623280982352743,-0.009165902969624717,-0.039413340811212505,-1,-1,-1,FCL,,0,0,0
2021-07-22,Indicator,MACD_Trend,Bullish,Bullish,Bullish,Overbought,Positive,-0.0623280982352743,-0.009165902969624717,-0.039413340811212505,-1,-1,-1,FCL,,0,0,0
2021-07-22,Indicator,RSI_State,Overbought,Bullish,Bullish,Overbought,Positive,-0.0623280982352743,-0.009165902969624717,-0.039413340811212505,-1,-1,-1,FCL,,0,0,0
2021-07-22,Indicator,CMF_State,Positive,Bullish,Bullish,Overbought,Positive,-0.0623280982352743,-0.009165902969624717,-0.039413340811212505,-1,-1,-1,FCL,,0,0,0
2021-07-23,Candlestick,CDL_BULLISH_ENGULFING,Bearish,Bullish,Bullish,Neutral,Positive,0.05669594574135872,0.02443792693471525,0.039589396887058204,1,1,1,FCL,,0,0,0
2021-07-23,Indicator,EMA_Trend,Bullish,Bullish,Bullish,Neutral,Positive,0.05669594574135872,0.02443792693471525,0.039589396887058204,1,1,1,FCL,,1,1,1
2021-07-23,Indicator,MACD_Trend,Bullish,Bullish,Bullish,Neutral,Positive,0.05669594574135872,0.02443792693471525,0.039589396887058204,1,1,1,FCL,,1,1,1
2021-07-23,Indicator,CMF_State,Positive,Bullish,Bullish,Neutral,Positive,0.05669594574135872,0.02443792693471525,0.039589396887058204,1,1,1,FCL,,0,0,0
2021-07-26,Indicator,EMA_Trend,Bullish,Bullish,Bullish,Neutral,Positive,-0.030527247631305987,-0.016188714382072367,-0.020351498420870584,-1,-1,-1,FCL,,0,0,0
2021-07-26,Indicator,MACD_Trend,Bullish,Bullish,Bullish,Neutral,Positive,-0.030527247631305987,-0.016188714382072367,-0.020351498420870584,-1,-1,-1,FCL,,0,0,0
2021-07-26,Indicator,CMF_State,Positive,Bullish,Bullish,Neutral,Positive,-0.030527247631305987,-0.016188714382072367,-0.020351498420870584,-1,-1,-1,FCL,,0,0,0
2021-07-27,Indicator,EMA_Trend,Bullish,Bullish,Bullish,Neutral,Positive,0.014790032225455052,0.010496168340547118,0.0004770555430098078,1,1,1,FCL,,1,1,1
2021-07-27,Indicator,MACD_Trend,Bullish,Bullish,Bullish,Neutral,Positive,0.014790032225455052,0.010496168340547118,0.0004770555430098078,1,1,1,FCL,,1,1,1
2021-07-27,Indicator,CMF_State,Positive,Bullish,Bullish,Neutral,Positive,0.014790032225455052,0.010496168340547118,0.0004770555430098078,1,1,1,FCL,,0,0,0
2021-07-28,Candlestick,CDL_HARAMI,Bullish,Bullish,Bullish,Neutral,Positive,-0.004231283071919223,-0.01410437255779562,-0.020216281680550008,-1,-1,-1,FCL,,0,0,0
2021-07-28,Indicator,EMA_Trend,Bullish,Bullish,Bullish,Neutral,Positive,-0.004231283071919223,-0.01410437255779562,-0.020216281680550008,-1,-1,-1,FCL,,0,0,0
2021-07-28,Indicator,MACD_Trend,Bullish,Bullish,Bullish,Neutral,Positive,-0.004231283071919223,-0.01410437255779562,-0.020216281680550008,-1,-1,-1,FCL,,0,0,0
2021-07-28,Indicator,CMF_State,Positive,Bullish,Bullish,Neutral,Positive,-0.004231283071919223,-0.01410437255779562,-0.020216281680550008,-1,-1,-1,FCL,,0,0,0
2021-07-29,Indicator,EMA_Trend,Bullish,Bullish,Bullish,Neutral,Positive,-0.009915042838797516,-0.01605292307027273,0.010859315479781806,-1,-1,1,FCL,,0,0,1
2021-07-29,Indicator,MACD_Trend,Bullish,Bullish,Bullish,Neutral,Positive,-0.009915042838797516,-0.01605292307027273,0.010859315479781806,-1,-1,1,FCL,,0,0,1
2021-07-29,Indicator,CMF_State,Positive,Bullish,Bullish,Neutral,Positive,-0.009915042838797516,-0.01605292307027273,0.010859315479781806,-1,-1,1,FCL,,0,0,0
2021-07-30,Candlestick,CDL_INVERTED_HAMMER,Bullish,Bullish,Bullish,Neutral,Positive,-0.0061993470227786895,0.020982399710570476,0.08011446493203511,-1,1,1,FCL,,0,1,1
2021-07-30,Indicator,EMA_Trend,Bullish,Bullish,Bullish,Neutral,Positive,-0.0061993470227786895,0.020982399710570476,0.08011446493203511,-1,1,1,FCL,,0,1,1
2021-07-30,Indicator,MACD_Trend,Bullish,Bullish,Bullish,Neutral,Positive,-0.0061993470227786895,0.020982399710570476,0.08011446493203511,-1,1,1,FCL,,0,1,1
2021-07-30,Indicator,CMF_State,Positive,Bullish,Bullish,Neutral,Positive,-0.0061993470227786895,0.020982399710570476,0.08011446493203511,-1,1,1,FCL,,0,0,0
2021-08-02,Indicator,EMA_Trend,Bullish,Bullish,Bullish,Neutral,Positive,0.027351306976824974,0.08685223912485407,0.11228411631766444,1,1,1,FCL,,1,1,1
2021-08-02,Indicator,MACD_Trend,Bullish,Bullish,Bullish,Neutral,Positive,0.027351306976824974,0.08685223912485407,0.11228411631766444,1,1,1,FCL,,1,1,1
2021-08-02,Indicator,CMF_State,Positive,Bullish,Bullish,Neutral,Positive,0.027351306976824974,0.08685223912485407,0.11228411631766444,1,1,1,FCL,,0,0,0
2021-08-03,Indicator,EMA_Trend,Bullish,Bullish,Bullish,Neutral,Positive,0.057916831120915946,0.08267163215158635,0.0873423466377714,1,1,1,FCL,,1,1,1
2021-08-03,Indicator,MACD_Trend,Bullish,Bullish,Bullish,Neutral,Positive,0.057916831120915946,0.08267163215158635,0.0873423466377714,1,1,1,FCL,,1,1,1
2021-08-03,Indicator,CMF_State,Positive,Bullish,Bullish,Neutral,Positive,0.057916831120915946,0.08267163215158635,0.0873423466377714,1,1,1,FCL,,0,0,0
2021-08-04,Indicator,EMA_Trend,Bullish,Bullish,Bullish,Overbought,Positive,0.02339957197244069,0.027814583009968308,0.01942602161803264,1,1,1,FCL,,1,1,1
2021-08-04,Indicator,MACD_Trend,Bullish,Bullish,Bullish,Overbought,Positive,0.02339957197244069,0.027814583009968308,0.01942602161803264,1,1,1,FCL,,1,1,1
2021-08-04,Indicator,RSI_State,Overbought,Bullish,Bullish,Overbought,Positive,0.02339957197244069,0.027814583009968308,0.01942602161803264,1,1,1,FCL,,0,0,0
2021-08-04,Indicator,CMF_State,Positive,Bullish,Bullish,Overbought,Positive,0.02339957197244069,0.027814583009968308,0.01942602161803264,1,1,1,FCL,,0,0,0
2021-08-05,Candlestick,CDL_SHOOTING_STAR,Bearish,Bullish,Bullish,Overbought,Positive,0.004314063791348133,-0.0038826969086469543,-0.04314063791348244,1,-1,-1,FCL,,0,1,1
2021-08-05,Indicator,EMA_Trend,Bullish,Bullish,Bullish,Overbought,Positive,0.004314063791348133,-0.0038826969086469543,-0.04314063791348244,1,-1,-1,FCL,,1,0,0
2021-08-05,Indicator,MACD_Trend,Bullish,Bullish,Bullish,Overbought,Positive,0.004314063791348133,-0.0038826969086469543,-0.04314063791348244,1,-1,-1,FCL,,1,0,0
2021-08-05,Indicator,RSI_State,Overbought,Bullish,Bullish,Overbought,Positive,0.004314063791348133,-0.0038826969086469543,-0.04314063791348244,1,-1,-1,FCL,,0,0,0
2021-08-05,Indicator,CMF_State,Positive,Bullish,Bullish,Overbought,Positive,0.004314063791348133,-0.0038826969086469543,-0.04314063791348244,1,-1,-1,FCL,,0,0,0
2021-08-06,Indicator,EMA_Trend,Bullish,Bullish,Bullish,Overbought,Positive,-0.00816155124727802,-0.04725085848712118,-0.09450171697424248,-1,-1,-1,FCL,,0,0,0
2021-08-06,Indicator,MACD_Trend,Bullish,Bullish,Bullish,Overbought,Positive,-0.00816155124727802,-0.04725085848712118,-0.09450171697424248,-1,-1,-1,FCL,,0,0,0
2021-08-06,Indicator,RSI_State,Overbought,Bullish,Bullish,Overbought,Positive,-0.00816155124727802,-0.04725085848712118,-0.09450171697424248,-1,-1,-1,FCL,,0,0,0
2021-08-06,Indicator,CMF_State,Positive,Bullish,Bullish,Overbought,Positive,-0.00816155124727802,-0.04725085848712118,-0.09450171697424248,-1,-1,-1,FCL,,0,0,0
2021-08-09,Candlestick,CDL_BULLISH_ENGULFING,Bearish,Bullish,Bullish,Overbought,Positive,-0.03941096182447823,-0.0870506339369489,-0.058033755957966005,-1,-1,-1,FCL,,1,1,1
2021-08-09,Indicator,EMA_Trend,Bullish,Bullish,Bullish,Overbought,Positive,-0.03941096182447823,-0.0870506339369489,-0.058033755957966005,-1,-1,-1,FCL,,0,0,0
2021-08-09,Indicator,MACD_Trend,Bullish,Bullish,Bullish,Overbought,Positive,-0.03941096182447823,-0.0870506339369489,-0.058033755957966005,-1,-1,-1,FCL,,0,0,0
2021-08-09,Indicator,RSI_State,Overbought,Bullish,Bullish,Overbought,Positive,-0.03941096182447823,-0.0870506339369489,-0.058033755957966005,-1,-1,-1,FCL,,0,0,0
2021-08-09,Indicator,CMF_State,Positive,Bullish,Bullish,Overbought,Positive,-0.03941096182447823,-0.0870506339369489,-0.058033755957966005,-1,-1,-1,FCL,,0,0,0
2021-08-10,Candlestick,CDL_THREE_OUTSIDE_UP,Bearish,Bullish,Bullish,Neutral,Positive,-0.049594228352797254,-0.019386848478782026,-0.010820600190493912,-1,-1,-1,FCL,,1,1,1
2021-08-10,Indicator,EMA_Trend,Bullish,Bullish,Bullish,Neutral,Positive,-0.049594228352797254,-0.019386848478782026,-0.010820600190493912,-1,-1,-1,FCL,,0,0,0
2021-08-10,Indicator,MACD_Trend,Bullish,Bullish,Bullish,Neutral,Positive,-0.049594228352797254,-0.019386848478782026,-0.010820600190493912,-1,-1,-1,FCL,,0,0,0
2021-08-10,Indicator,CMF_State,Positive,Bullish,Bullish,Neutral,Positive,-0.049594228352797254,-0.019386848478782026,-0.010820600190493912,-1,-1,-1,FCL,,0,0,0
2021-08-11,Indicator,EMA_Trend,Bullish,Bullish,Bearish,Neutral,Positive,0.031783666277258815,0.040796919925162545,-0.007115749422601736,1,1,-1,FCL,,1,1,0
2021-08-11,Indicator,MACD_Trend,Bearish,Bullish,Bearish,Neutral,Positive,0.031783666277258815,0.040796919925162545,-0.007115749422601736,1,1,-1,FCL,,0,0,1
2021-08-11,Indicator,CMF_State,Positive,Bullish,Bearish,Neutral,Positive,0.031783666277258815,0.040796919925162545,-0.007115749422601736,1,1,-1,FCL,,0,0,0
2021-08-12,Indicator,EMA_Trend,Bullish,Bullish,Bearish,Neutral,Positive,0.008735604121767437,-0.037701135394216934,-0.04919538826778014,1,-1,-1,FCL,,1,0,0
2021-08-12,Indicator,MACD_Trend,Bearish,Bullish,Bearish,Neutral,Positive,0.008735604121767437,-0.037701135394216934,-0.04919538826778014,1,-1,-1,FCL,,0,1,1
2021-08-12,Indicator,CMF_State,Positive,Bullish,Bearish,Neutral,Positive,0.008735604121767437,-0.037701135394216934,-0.04919538826778014,1,-1,-1,FCL,,0,0,0
2021-08-13,Indicator,EMA_Trend,Bullish,Bullish,Bearish,Neutral,Positive,-0.046034599479031435,-0.057429312649258435,-0.0706472216554076,-1,-1,-1,FCL,,0,0,0
2021-08-13,Indicator,MACD_Trend,Bearish,Bullish,Bearish,Neutral,Positive,-0.046034599479031435,-0.057429312649258435,-0.0706472216554076,-1,-1,-1,FCL,,1,1,1
2021-08-13,Indicator,CMF_State,Positive,Bullish,Bearish,Neutral,Positive,-0.046034599479031435,-0.057429312649258435,-0.0706472216554076,-1,-1,-1,FCL,,0,0,0
2021-08-16,Candlestick,CDL_BULLISH_ENGULFING,Bearish,Bullish,Bearish,Neutral,Positive,-0.011944576987807154,-0.025800330036010788,-0.016722407782930104,-1,-1,-1,FCL,,1,1,1
2021-08-16,Candlestick,CDL_EVENING_STAR,Bearish,Bullish,Bearish,Neutral,Positive,-0.011944576987807154,-0.025800330036010788,-0.016722407782930104,-1,-1,-1,FCL,,1,1,1
2021-08-16,Indicator,EMA_Trend,Bullish,Bullish,Bearish,Neutral,Positive,-0.011944576987807154,-0.025800330036010788,-0.016722407782930104,-1,-1,-1,FCL,,0,0,0
2021-08-16,Indicator,MACD_Trend,Bearish,Bullish,Bearish,Neutral,Positive,-0.011944576987807154,-0.025800330036010788,-0.016722407782930104,-1,-1,-1,FCL,,1,1,1
2021-08-16,Indicator,CMF_State,Positive,Bullish,Bearish,Neutral,Positive,-0.011944576987807154,-0.025800330036010788,-0.016722407782930104,-1,-1,-1,FCL,,0,0,0
2021-08-17,Candlestick,CDL_THREE_OUTSIDE_UP,Bearish,Bullish,Bearish,Neutral,Positive,-0.014023254895927595,-0.004835589870613832,-0.06141197659974729,-1,-1,-1,FCL,,1,1,1
2021-08-17,Candlestick,CDL_INVERTED_HAMMER,Bullish,Bullish,Bearish,Neutral,Positive,-0.014023254895927595,-0.004835589870613832,-0.06141197659974729,-1,-1,-1,FCL,,0,0,0
2021-08-17,Indicator,EMA_Trend,Bullish,Bullish,Bearish,Neutral,Positive,-0.014023254895927595,-0.004835589870613832,-0.06141197659974729,-1,-1,-1,FCL,,0,0,0
2021-08-17,Indicator,MACD_Trend,Bearish,Bullish,Bearish,Neutral,Positive,-0.014023254895927595,-0.004835589870613832,-0.06141197659974729,-1,-1,-1,FCL,,1,1,1
2021-08-17,Indicator,CMF_State,Positive,Bullish,Bearish,Neutral,Positive,-0.014023254895927595,-0.004835589870613832,-0.06141197659974729,-1,-1,-1,FCL,,0,0,0
2021-08-18,Indicator,EMA_Trend,Bullish,Bullish,Bearish,Neutral,Negative,0.00931833846075536,-0.04806271744149271,-0.035801804862607534,1,-1,-1,FCL,,1,0,0
2021-08-18,Indicator,MACD_Trend,Bearish,Bullish,Bearish,Neutral,Negative,0.00931833846075536,-0.04806271744149271,-0.035801804862607534,1,-1,-1,FCL,,0,1,1
2021-08-18,Indicator,CMF_State,Negative,Bullish,Bearish,Neutral,Negative,0.00931833846075536,-0.04806271744149271,-0.035801804862607534,1,-1,-1,FCL,,0,0,0
2021-08-20,Candlestick,CDL_BULLISH_ENGULFING,Bullish,Bullish,Bearish,Neutral,Negative,-0.05685129628156382,-0.04470358023235044,-0.036929086447118564,-1,-1,-1,FCL,,0,0,0
2021-08-20,Indicator,EMA_Trend,Bullish,Bullish,Bearish,Neutral,Negative,-0.05685129628156382,-0.04470358023235044,-0.036929086447118564,-1,-1,-1,FCL,,0,0,0
2021-08-20,Indicator,MACD_Trend,Bearish,Bullish,Bearish,Neutral,Negative,-0.05685129628156382,-0.04470358023235044,-0.036929086447118564,-1,-1,-1,FCL,,1,1,1
2021-08-20,Indicator,CMF_State,Negative,Bullish,Bearish,Neutral,Negative,-0.05685129628156382,-0.04470358023235044,-0.036929086447118564,-1,-1,-1,FCL,,0,0,0
2021-08-23,Candlestick,CDL_BULLISH_ENGULFING,Bearish,Bullish,Bearish,Neutral,Negative,0.012879958379118817,0.021123084573938744,0.0077279750274712455,1,1,1,FCL,,0,0,0
2021-08-23,Indicator,EMA_Trend,Bullish,Bullish,Bearish,Neutral,Negative,0.012879958379118817,0.021123084573938744,0.0077279750274712455,1,1,1,FCL,,1,1,1
2021-08-23,Indicator,MACD_Trend,Bearish,Bullish,Bearish,Neutral,Negative,0.012879958379118817,0.021123084573938744,0.0077279750274712455,1,1,1,FCL,,0,0,0
2021-08-23,Indicator,CMF_State,Negative,Bullish,Bearish,Neutral,Negative,0.012879958379118817,0.021123084573938744,0.0077279750274712455,1,1,1,FCL,,0,0,0
2021-08-24,Candlestick,CDL_HARAMI,Bullish,Bullish,Bearish,Neutral,Negative,0.008138305163043258,-0.005086469831915852,0.0055950702470854985,1,-1,1,FCL,,1,0,1
2021-08-24,Indicator,EMA_Trend,Bullish,Bullish,Bearish,Neutral,Negative,0.008138305163043258,-0.005086469831915852,0.0055950702470854985,1,-1,1,FCL,,1,0,1
2021-08-24,Indicator,MACD_Trend,Bearish,Bullish,Bearish,Neutral,Negative,0.008138305163043258,-0.005086469831915852,0.0055950702470854985,1,-1,1,FCL,,0,1,0
2021-08-24,Indicator,CMF_State,Negative,Bullish,Bearish,Neutral,Negative,0.008138305163043258,-0.005086469831915852,0.0055950702470854985,1,-1,1,FCL,,0,0,0
2021-08-25,Candlestick,CDL_SHOOTING_STAR,Bearish,Bullish,Bearish,Neutral,Negative,-0.013118016572954638,-0.00252270437789448,0.039354203692519185,-1,-1,1,FCL,,1,1,0
2021-08-25,Indicator,EMA_Trend,Bullish,Bullish,Bearish,Neutral,Negative,-0.013118016572954638,-0.00252270437789448,0.039354203692519185,-1,-1,1,FCL,,0,0,1
2021-08-25,Indicator,MACD_Trend,Bearish,Bullish,Bearish,Neutral,Negative,-0.013118016572954638,-0.00252270437789448,0.039354203692519185,-1,-1,1,FCL,,1,1,0
2021-08-25,Indicator,CMF_State,Negative,Bullish,Bearish,Neutral,Negative,-0.013118016572954638,-0.00252270437789448,0.039354203692519185,-1,-1,1,FCL,,0,0,0
2021-08-26,Candlestick,CDL_BULLISH_ENGULFING,Bearish,Bullish,Bearish,Neutral,Negative,0.010736149177905663,0.053169701288150906,0.04498971123912776,1,1,1,FCL,,0,0,0
2021-08-26,Indicator,EMA_Trend,Bullish,Bullish,Bearish,Neutral,Negative,0.010736149177905663,0.053169701288150906,0.04498971123912776,1,1,1,FCL,,1,1,1
2021-08-26,Indicator,MACD_Trend,Bearish,Bullish,Bearish,Neutral,Negative,0.010736149177905663,0.053169701288150906,0.04498971123912776,1,1,1,FCL,,0,0,0
2021-08-26,Indicator,CMF_State,Negative,Bullish,Bearish,Neutral,Negative,0.010736149177905663,0.053169701288150906,0.04498971123912776,1,1,1,FCL,,0,0,0
2021-08-27,Indicator,EMA_Trend,Bullish,Bullish,Bearish,Neutral,Negative,0.041982818309960646,0.03388971700387167,0.026808311247194183,1,1,1,FCL,,1,1,1
2021-08-27,Indicator,MACD_Trend,Bearish,Bullish,Bearish,Neutral,Negative,0.041982818309960646,0.03388971700387167,0.026808311247194183,1,1,1,FCL,,0,0,0
2021-08-27,Indicator,CMF_State,Negative,Bullish,Bearish,Neutral,Negative,0.041982818309960646,0.03388971700387167,0.026808311247194183,1,1,1,FCL,,0,0,0
2021-08-30,Indicator,EMA_Trend,Bullish,Bullish,Bearish,Neutral,Negative,-0.007767019919978635,-0.014563106796116498,0.04611650485436902,-1,-1,1,FCL,,0,0,1
2021-08-30,Indicator,MACD_Trend,Bearish,Bullish,Bearish,Neutral,Negative,-0.007767019919978635,-0.014563106796116498,0.04611650485436902,-1,-1,1,FCL,,1,1,0
2021-08-30,Indicator,CMF_State,Negative,Bullish,Bearish,Neutral,Negative,-0.007767019919978635,-0.014563106796116498,0.04611650485436902,-1,-1,1,FCL,,0,0,0
2021-08-31,Indicator,EMA_Trend,Bullish,Bullish,Bearish,Neutral,Negative,-0.006849285412373396,0.05430531523957405,0.07876715550035307,-1,1,1,FCL,,0,1,1
2021-08-31,Indicator,MACD_Trend,Bearish,Bullish,Bearish,Neutral,Negative,-0.006849285412373396,0.05430531523957405,0.07876715550035307,-1,1,1,FCL,,1,0,0
2021-08-31,Indicator,CMF_State,Negative,Bullish,Bearish,Neutral,Negative,-0.006849285412373396,0.05430531523957405,0.07876715550035307,-1,1,1,FCL,,0,0,0
2021-09-01,Indicator,EMA_Trend,Bullish,Bullish,Bearish,Neutral,Negative,0.061576354679802936,0.0862068965517242,0.10886702514047086,1,1,1,FCL,,1,1,1
2021-09-01,Indicator,MACD_Trend,Bearish,Bullish,Bearish,Neutral,Negative,0.061576354679802936,0.0862068965517242,0.10886702514047086,1,1,1,FCL,,0,0,0
2021-09-01,Indicator,CMF_State,Negative,Bullish,Bearish,Neutral,Negative,0.061576354679802936,0.0862068965517242,0.10886702514047086,1,1,1,FCL,,0,0,0
2021-09-02,Indicator,EMA_Trend,Bullish,Bullish,Bearish,Neutral,Negative,0.023201856148491906,0.044547592127682556,0.044083526682134666,1,1,1,FCL,,1,1,1
2021-09-02,Indicator,MACD_Trend,Bearish,Bullish,Bearish,Neutral,Negative,0.023201856148491906,0.044547592127682556,0.044083526682134666,1,1,1,FCL,,0,0,0
2021-09-02,Indicator,CMF_State,Negative,Bullish,Bearish,Neutral,Negative,0.023201856148491906,0.044547592127682556,0.044083526682134666,1,1,1,FCL,,0,0,0
2021-09-03,Indicator,EMA_Trend,Bullish,Bullish,Bullish,Neutral,Negative,0.020861705684877885,0.020408163265306145,0.02630386871545487,1,1,1,FCL,,1,1,1
2021-09-03,Indicator,MACD_Trend,Bullish,Bullish,Bullish,Neutral,Negative,0.020861705684877885,0.020408163265306145,0.02630386871545487,1,1,1,FCL,,1,1,1
2021-09-03,Indicator,CMF_State,Negative,Bullish,Bullish,Neutral,Negative,0.020861705684877885,0.020408163265306145,0.02630386871545487,1,1,1,FCL,,0,0,0
2021-09-06,Indicator,EMA_Trend,Bullish,Bullish,Bullish,Neutral,Negative,-0.0004442741039714093,0.005330950314103466,-0.01155044883614953,-1,1,-1,FCL,,0,1,0
2021-09-06,Indicator,MACD_Trend,Bullish,Bullish,Bullish,Neutral,Negative,-0.0004442741039714093,0.005330950314103466,-0.01155044883614953,-1,1,-1,FCL,,0,1,0
2021-09-06,Indicator,CMF_State,Negative,Bullish,Bullish,Neutral,Negative,-0.0004442741039714093,0.005330950314103466,-0.01155044883614953,-1,1,-1,FCL,,0,0,0
2021-09-07,Indicator,EMA_Trend,Bullish,Bullish,Bullish,Neutral,Negative,0.005777791341145866,-0.011111111111111072,0.10977776421440977,1,-1,1,FCL,,1,0,1
2021-09-07,Indicator,MACD_Trend,Bullish,Bullish,Bullish,Neutral,Negative,0.005777791341145866,-0.011111111111111072,0.10977776421440977,1,-1,1,FCL,,1,0,1
2021-09-07,Indicator,CMF_State,Negative,Bullish,Bullish,Neutral,Negative,0.005777791341145866,-0.011111111111111072,0.10977776421440977,1,-1,1,FCL,,0,0,0
2021-09-08,Indicator,EMA_Trend,Bullish,Bullish,Bullish,Neutral,Negative,-0.016791882459182728,0.10340253460417537,0.11135659128771036,-1,1,1,FCL,,0,1,1
2021-09-08,Indicator,MACD_Trend,Bullish,Bullish,Bullish,Neutral,Negative,-0.016791882459182728,0.10340253460417537,0.11135659128771036,-1,1,1,FCL,,0,1,1
2021-09-08,Indicator,CMF_State,Negative,Bullish,Bullish,Neutral,Negative,-0.016791882459182728,0.10340253460417537,0.11135659128771036,-1,1,1,FCL,,0,0,0
2021-09-09,Indicator,EMA_Trend,Bullish,Bullish,Bullish,Neutral,Negative,0.12224717729547052,0.1303370786516853,0.12134831460674156,1,1,1,FCL,,1,1,1
2021-09-09,Indicator,MACD_Trend,Bullish,Bullish,Bullish,Neutral,Negative,0.12224717729547052,0.1303370786516853,0.12134831460674156,1,1,1,FCL,,1,1,1
2021-09-09,Indicator,CMF_State,Negative,Bullish,Bullish,Neutral,Negative,0.12224717729547052,0.1303370786516853,0.12134831460674156,1,1,1,FCL,,0,0,0
2021-09-13,Indicator,EMA_Trend,Bullish,Bullish,Bullish,Overbought,Negative,0.007208662690255885,-0.0008009489414757542,0.09130958482343843,1,-1,1,FCL,,1,0,1
2021-09-13,Indicator,MACD_Trend,Bullish,Bullish,Bullish,Overbought,Negative,0.007208662690255885,-0.0008009489414757542,0.09130958482343843,1,-1,1,FCL,,1,0,1
2021-09-13,Indicator,RSI_State,Overbought,Bullish,Bullish,Overbought,Negative,0.007208662690255885,-0.0008009489414757542,0.09130958482343843,1,-1,1,FCL,,0,0,0
2021-09-13,Indicator,CMF_State,Negative,Bullish,Bullish,Overbought,Negative,0.007208662690255885,-0.0008009489414757542,0.09130958482343843,1,-1,1,FCL,,0,0,0
2021-09-14,Indicator,EMA_Trend,Bullish,Bullish,Bullish,Overbought,Negative,-0.007952286282306154,0.08349900596421467,0.0644135674235835,-1,1,1,FCL,,0,1,1
2021-09-14,Indicator,MACD_Trend,Bullish,Bullish,Bullish,Overbought,Negative,-0.007952286282306154,0.08349900596421467,0.0644135674235835,-1,1,1,FCL,,0,1,1
2021-09-14,Indicator,RSI_State,Overbought,Bullish,Bullish,Overbought,Negative,-0.007952286282306154,0.08349900596421467,0.0644135674235835,-1,1,1,FCL,,0,0,0
2021-09-14,Indicator,CMF_State,Negative,Bullish,Bullish,Overbought,Negative,-0.007952286282306154,0.08349900596421467,0.0644135674235835,-1,1,1,FCL,,0,0,0
2021-09-15,Candlestick,CDL_INVERTED_HAMMER,Bullish,Bullish,Bullish,Overbought,Negative,0.09218436873747504,0.07294594070954408,0.03246495432270802,1,1,1,FCL,,1,1,1
2021-09-15,Indicator,EMA_Trend,Bullish,Bullish,Bullish,Overbought,Negative,0.09218436873747504,0.07294594070954408,0.03246495432270802,1,1,1,FCL,,1,1,1
2021-09-15,Indicator,MACD_Trend,Bullish,Bullish,Bullish,Overbought,Negative,0.09218436873747504,0.07294594070954408,0.03246495432270802,1,1,1,FCL,,1,1,1
2021-09-15,Indicator,RSI_State,Overbought,Bullish,Bullish,Overbought,Negative,0.09218436873747504,0.07294594070954408,0.03246495432270802,1,1,1,FCL,,0,0,0
2021-09-15,Indicator,CMF_State,Negative,Bullish,Bullish,Overbought,Negative,0.09218436873747504,0.07294594070954408,0.03246495432270802,1,1,1,FCL,,0,0,0
2021-09-16,Indicator,EMA_Trend,Bullish,Bullish,Bullish,Overbought,Negative,-0.01761463410263764,-0.054678876684346345,-0.017981628977924324,-1,-1,-1,FCL,,0,0,0
2021-09-16,Indicator,MACD_Trend,Bullish,Bullish,Bullish,Overbought,Negative,-0.01761463410263764,-0.054678876684346345,-0.017981628977924324,-1,-1,-1,FCL,,0,0,0
2021-09-16,Indicator,RSI_State,Overbought,Bullish,Bullish,Overbought,Negative,-0.01761463410263764,-0.054678876684346345,-0.017981628977924324,-1,-1,-1,FCL,,0,0,0
2021-09-16,Indicator,CMF_State,Negative,Bullish,Bullish,Overbought,Negative,-0.01761463410263764,-0.054678876684346345,-0.017981628977924324,-1,-1,-1,FCL,,0,0,0
2021-09-17,Indicator,EMA_Trend,Bullish,Bullish,Bullish,Overbought,Negative,-0.03772882197593841,-0.00037357526692338716,0.03137838443573937,-1,-1,1,FCL,,0,0,1
2021-09-17,Indicator,MACD_Trend,Bullish,Bullish,Bullish,Overbought,Negative,-0.03772882197593841,-0.00037357526692338716,0.03137838443573937,-1,-1,1,FCL,,0,0,1
2021-09-17,Indicator,RSI_State,Overbought,Bullish,Bullish,Overbought,Negative,-0.03772882197593841,-0.00037357526692338716,0.03137838443573937,-1,-1,1,FCL,,0,0,0
2021-09-17,Indicator,CMF_State,Negative,Bullish,Bullish,Overbought,Negative,-0.03772882197593841,-0.00037357526692338716,0.03137838443573937,-1,-1,1,FCL,,0,0,0
2021-09-20,Indicator,EMA_Trend,Bullish,Bullish,Bullish,Neutral,Negative,0.038819874856608205,0.07181676848472529,0.05085405975592816,1,1,1,FCL,,1,1,1
2021-09-20,Indicator,MACD_Trend,Bullish,Bullish,Bullish,Neutral,Negative,0.038819874856608205,0.07181676848472529,0.05085405975592816,1,1,1,FCL,,1,1,1
2021-09-20,Indicator,CMF_State,Negative,Bullish,Bullish,Neutral,Negative,0.038819874856608205,0.07181676848472529,0.05085405975592816,1,1,1,FCL,,0,0,0
2021-09-21,Candlestick,CDL_BULLISH_ENGULFING,Bullish,Bullish,Bullish,Overbought,Negative,0.03176382588239535,0.011584476953697909,-0.01307922242216275,1,1,-1,FCL,,1,1,0
2021-09-21,Indicator,EMA_Trend,Bullish,Bullish,Bullish,Overbought,Negative,0.03176382588239535,0.011584476953697909,-0.01307922242216275,1,1,-1,FCL,,1,1,0
2021-09-21,Indicator,MACD_Trend,Bullish,Bullish,Bullish,Overbought,Negative,0.03176382588239535,0.011584476953697909,-0.01307922242216275,1,1,-1,FCL,,1,1,0
2021-09-21,Indicator,RSI_State,Overbought,Bullish,Bullish,Overbought,Negative,0.03176382588239535,0.011584476953697909,-0.01307922242216275,1,1,-1,FCL,,0,0,0
2021-09-21,Indicator,CMF_State,Negative,Bullish,Bullish,Overbought,Negative,0.03176382588239535,0.011584476953697909,-0.01307922242216275,1,1,-1,FCL,,0,0,0
2021-09-22,Candlestick,CDL_THREE_OUTSIDE_UP,Bullish,Bullish,Bullish,Overbought,Negative,-0.01955810857338336,-0.04346251262124545,-0.06736691666910755,-1,-1,-1,FCL,,0,0,0
2021-09-22,Indicator,EMA_Trend,Bullish,Bullish,Bullish,Overbought,Negative,-0.01955810857338336,-0.04346251262124545,-0.06736691666910755,-1,-1,-1,FCL,,0,0,0
2021-09-22,Indicator,MACD_Trend,Bullish,Bullish,Bullish,Overbought,Negative,-0.01955810857338336,-0.04346251262124545,-0.06736691666910755,-1,-1,-1,FCL,,0,0,0
2021-09-22,Indicator,RSI_State,Overbought,Bullish,Bullish,Overbought,Negative,-0.01955810857338336,-0.04346251262124545,-0.06736691666910755,-1,-1,-1,FCL,,0,0,0
2021-09-22,Indicator,CMF_State,Negative,Bullish,Bullish,Overbought,Negative,-0.01955810857338336,-0.04346251262124545,-0.06736691666910755,-1,-1,-1,FCL,,0,0,0
2021-09-23,Indicator,EMA_Trend,Bullish,Bullish,Bullish,Neutral,Negative,-0.024381255285899073,-0.048762510571798146,-0.06169195217567658,-1,-1,-1,FCL,,0,0,0
2021-09-23,Indicator,MACD_Trend,Bullish,Bullish,Bullish,Neutral,Negative,-0.024381255285899073,-0.048762510571798146,-0.06169195217567658,-1,-1,-1,FCL,,0,0,0
2021-09-23,Indicator,CMF_State,Negative,Bullish,Bullish,Neutral,Negative,-0.024381255285899073,-0.048762510571798146,-0.06169195217567658,-1,-1,-1,FCL,,0,0,0
2021-09-24,Indicator,EMA_Trend,Bullish,Bullish,Bullish,Neutral,Negative,-0.024990556421754517,-0.038243111965536536,-0.035971222190265495,-1,-1,-1,FCL,,0,0,0
2021-09-24,Indicator,MACD_Trend,Bullish,Bullish,Bullish,Neutral,Negative,-0.024990556421754517,-0.038243111965536536,-0.035971222190265495,-1,-1,-1,FCL,,0,0,0
2021-09-24,Indicator,CMF_State,Negative,Bullish,Bullish,Neutral,Negative,-0.024990556421754517,-0.038243111965536536,-0.035971222190265495,-1,-1,-1,FCL,,0,0,0
2021-09-27,Indicator,EMA_Trend,Bullish,Bullish,Bullish,Neutral,Negative,-0.013592233009708687,-0.011262112219356912,-0.018640788550515763,-1,-1,-1,FCL,,0,0,0
2021-09-27,Indicator,MACD_Trend,Bullish,Bullish,Bullish,Neutral,Negative,-0.013592233009708687,-0.011262112219356912,-0.018640788550515763,-1,-1,-1,FCL,,0,0,0
2021-09-27,Indicator,CMF_State,Negative,Bullish,Bullish,Neutral,Negative,-0.013592233009708687,-0.011262112219356912,-0.018640788550515763,-1,-1,-1,FCL,,0,0,0
2021-09-28,Indicator,EMA_Trend,Bullish,Bullish,Bearish,Neutral,Negative,0.0023622287539983855,-0.005118122251015045,0.018897589736097453,1,-1,1,FCL,,1,0,1
2021-09-28,Indicator,MACD_Trend,Bearish,Bullish,Bearish,Neutral,Negative,0.0023622287539983855,-0.005118122251015045,0.018897589736097453,1,-1,1,FCL,,0,1,0
2021-09-28,Indicator,CMF_State,Negative,Bullish,Bearish,Neutral,Negative,0.0023622287539983855,-0.005118122251015045,0.018897589736097453,1,-1,1,FCL,,0,0,0
2021-09-29,Indicator,EMA_Trend,Bullish,Bullish,Bearish,Neutral,Negative,-0.007462722347700623,0.016496392728857723,0.028279581762954864,-1,1,1,FCL,,0,1,1
2021-09-29,Indicator,MACD_Trend,Bearish,Bullish,Bearish,Neutral,Negative,-0.007462722347700623,0.016496392728857723,0.028279581762954864,-1,1,1,FCL,,1,0,0
2021-09-29,Indicator,CMF_State,Negative,Bullish,Bearish,Neutral,Negative,-0.007462722347700623,0.016496392728857723,0.028279581762954864,-1,1,1,FCL,,0,0,0
2021-09-30,Candlestick,CDL_BULLISH_ENGULFING,Bearish,Bullish,Bearish,Neutral,Negative,0.024139259669148094,0.03601104453748927,0.03680254516846171,1,1,1,FCL,,0,0,0
2021-09-30,Indicator,EMA_Trend,Bullish,Bullish,Bearish,Neutral,Negative,0.024139259669148094,0.03601104453748927,0.03680254516846171,1,1,1,FCL,,1,1,1
2021-09-30,Indicator,MACD_Trend,Bearish,Bullish,Bearish,Neutral,Negative,0.024139259669148094,0.03601104453748927,0.03680254516846171,1,1,1,FCL,,0,0,0
2021-09-30,Indicator,CMF_State,Negative,Bullish,Bearish,Neutral,Negative,0.024139259669148094,0.03601104453748927,0.03680254516846171,1,1,1,FCL,,0,0,0
2021-10-01,Candlestick,CDL_BULLISH_ENGULFING,Bullish,Bullish,Bearish,Neutral,Negative,0.011591963452486365,0.012364808183805476,0.010432814275057822,1,1,1,FCL,,1,1,1
2021-10-01,Indicator,EMA_Trend,Bullish,Bullish,Bearish,Neutral,Negative,0.011591963452486365,0.012364808183805476,0.010432814275057822,1,1,1,FCL,,1,1,1
2021-10-01,Indicator,MACD_Trend,Bearish,Bullish,Bearish,Neutral,Negative,0.011591963452486365,0.012364808183805476,0.010432814275057822,1,1,1,FCL,,0,0,0
2021-10-01,Indicator,CMF_State,Negative,Bullish,Bearish,Neutral,Negative,0.011591963452486365,0.012364808183805476,0.010432814275057822,1,1,1,FCL,,0,0,0
2021-10-04,Candlestick,CDL_THREE_OUTSIDE_UP,Bullish,Bullish,Bearish,Neutral,Negative,0.000763988603351029,-0.001145866336731749,-0.006875431156979972,1,-1,-1,FCL,,1,0,0
2021-10-04,Indicator,EMA_Trend,Bullish,Bullish,Bearish,Neutral,Negative,0.000763988603351029,-0.001145866336731749,-0.006875431156979972,1,-1,-1,FCL,,1,0,0
2021-10-04,Indicator,MACD_Trend,Bearish,Bullish,Bearish,Neutral,Negative,0.000763988603351029,-0.001145866336731749,-0.006875431156979972,1,-1,-1,FCL,,0,1,1
2021-10-04,Indicator,CMF_State,Negative,Bullish,Bearish,Neutral,Negative,0.000763988603351029,-0.001145866336731749,-0.006875431156979972,1,-1,-1,FCL,,0,0,0
2021-10-05,Indicator,EMA_Trend,Bullish,Bullish,Bearish,Neutral,Negative,-0.001908396946564861,-0.007633587786259555,-0.023664110489474033,-1,-1,-1,FCL,,0,0,0
2021-10-05,Indicator,MACD_Trend,Bearish,Bullish,Bearish,Neutral,Negative,-0.001908396946564861,-0.007633587786259555,-0.023664110489474033,-1,-1,-1,FCL,,1,1,1
2021-10-05,Indicator,CMF_State,Negative,Bullish,Bearish,Neutral,Negative,-0.001908396946564861,-0.007633587786259555,-0.023664110489474033,-1,-1,-1,FCL,,0,0,0
2021-10-06,Indicator,EMA_Trend,Bullish,Bullish,Bearish,Neutral,Negative,-0.005736137667303964,-0.021797311465553304,-0.026768642447418722,-1,-1,-1,FCL,,0,0,0
2021-10-06,Indicator,MACD_Trend,Bearish,Bullish,Bearish,Neutral,Negative,-0.005736137667303964,-0.021797311465553304,-0.026768642447418722,-1,-1,-1,FCL,,1,1,1
2021-10-06,Indicator,CMF_State,Negative,Bullish,Bearish,Neutral,Negative,-0.005736137667303964,-0.021797311465553304,-0.026768642447418722,-1,-1,-1,FCL,,0,0,0
2021-10-07,Indicator,EMA_Trend,Bullish,Bullish,Bearish,Neutral,Negative,-0.016153834416316126,-0.02115384615384619,-0.024615361140324588,-1,-1,-1,FCL,,0,0,0
2021-10-07,Indicator,MACD_Trend,Bearish,Bullish,Bearish,Neutral,Negative,-0.016153834416316126,-0.02115384615384619,-0.024615361140324588,-1,-1,-1,FCL,,1,1,1
2021-10-07,Indicator,CMF_State,Negative,Bullish,Bearish,Neutral,Negative,-0.016153834416316126,-0.02115384615384619,-0.024615361140324588,-1,-1,-1,FCL,,0,0,0
2021-10-08,Indicator,EMA_Trend,Bullish,Bullish,Bearish,Neutral,Negative,-0.005082107256639712,-0.008600457083642321,-0.02150117253472883,-1,-1,-1,FCL,,0,0,0
2021-10-08,Indicator,MACD_Trend,Bearish,Bullish,Bearish,Neutral,Negative,-0.005082107256639712,-0.008600457083642321,-0.02150117253472883,-1,-1,-1,FCL,,1,1,1
2021-10-08,Indicator,CMF_State,Negative,Bullish,Bearish,Neutral,Negative,-0.005082107256639712,-0.008600457083642321,-0.02150117253472883,-1,-1,-1,FCL,,0,0,0
2021-10-11,Indicator,EMA_Trend,Bullish,Bullish,Bearish,Neutral,Negative,-0.003536321793651931,-0.01650293496362354,-0.022003953255464004,-1,-1,-1,FCL,,0,0,0
2021-10-11,Indicator,MACD_Trend,Bearish,Bullish,Bearish,Neutral,Negative,-0.003536321793651931,-0.01650293496362354,-0.022003953255464004,-1,-1,-1,FCL,,1,1,1
2021-10-11,Indicator,CMF_State,Negative,Bullish,Bearish,Neutral,Negative,-0.003536321793651931,-0.01650293496362354,-0.022003953255464004,-1,-1,-1,FCL,,0,0,0
2021-10-12,Indicator,EMA_Trend,Bullish,Bullish,Bearish,Neutral,Negative,-0.013012630017093851,-0.018533170717325298,-0.03588330396096728,-1,-1,-1,FCL,,0,0,0
2021-10-12,Indicator,MACD_Trend,Bearish,Bullish,Bearish,Neutral,Negative,-0.013012630017093851,-0.018533170717325298,-0.03588330396096728,-1,-1,-1,FCL,,1,1,1
2021-10-12,Indicator,CMF_State,Negative,Bullish,Bearish,Neutral,Negative,-0.013012630017093851,-0.018533170717325298,-0.03588330396096728,-1,-1,-1,FCL,,0,0,0
2021-10-13,Indicator,EMA_Trend,Bullish,Bullish,Bearish,Neutral,Negative,-0.005593324563339719,-0.023172205277834035,-0.023172205277834035,-1,-1,-1,FCL,,0,0,0
2021-10-13,Indicator,MACD_Trend,Bearish,Bullish,Bearish,Neutral,Negative,-0.005593324563339719,-0.023172205277834035,-0.023172205277834035,-1,-1,-1,FCL,,1,1,1
2021-10-13,Indicator,CMF_State,Negative,Bullish,Bearish,Neutral,Negative,-0.005593324563339719,-0.023172205277834035,-0.023172205277834035,-1,-1,-1,FCL,,0,0,0
2021-10-14,Indicator,EMA_Trend,Bullish,Bullish,Bearish,Neutral,Negative,-0.01767775815339845,-0.01767775815339845,-0.05544390571061286,-1,-1,-1,FCL,,0,0,0
2021-10-14,Indicator,MACD_Trend,Bearish,Bullish,Bearish,Neutral,Negative,-0.01767775815339845,-0.01767775815339845,-0.05544390571061286,-1,-1,-1,FCL,,1,1,1
2021-10-14,Indicator,CMF_State,Negative,Bullish,Bearish,Neutral,Negative,-0.01767775815339845,-0.01767775815339845,-0.05544390571061286,-1,-1,-1,FCL,,0,0,0
2021-10-18,Candlestick,CDL_BULLISH_ENGULFING,Bearish,Bullish,Bearish,Neutral,Negative,0.0,-0.03844578280770716,-0.001227006346657733,0,-1,-1,FCL,,0,1,1
2021-10-18,Indicator,EMA_Trend,Bullish,Bullish,Bearish,Neutral,Negative,0.0,-0.03844578280770716,-0.001227006346657733,0,-1,-1,FCL,,0,0,0
2021-10-18,Indicator,MACD_Trend,Bearish,Bullish,Bearish,Neutral,Negative,0.0,-0.03844578280770716,-0.001227006346657733,0,-1,-1,FCL,,0,1,1
2021-10-18,Indicator,CMF_State,Negative,Bullish,Bearish,Neutral,Negative,0.0,-0.03844578280770716,-0.001227006346657733,0,-1,-1,FCL,,0,0,0
2021-10-19,Candlestick,CDL_HARAMI,Bullish,Bullish,Bearish,Neutral,Negative,-0.03844578280770716,-0.001227006346657733,-0.029447840279109183,-1,-1,-1,FCL,,0,0,0
2021-10-19,Indicator,EMA_Trend,Bullish,Bullish,Bearish,Neutral,Negative,-0.03844578280770716,-0.001227006346657733,-0.029447840279109183,-1,-1,-1,FCL,,0,0,0
2021-10-19,Indicator,MACD_Trend,Bearish,Bullish,Bearish,Neutral,Negative,-0.03844578280770716,-0.001227006346657733,-0.029447840279109183,-1,-1,-1,FCL,,1,1,1
2021-10-19,Indicator,CMF_State,Negative,Bullish,Bearish,Neutral,Negative,-0.03844578280770716,-0.001227006346657733,-0.029447840279109183,-1,-1,-1,FCL,,0,0,0
2021-10-20,Indicator,EMA_Trend,Bullish,Bullish,Bearish,Neutral,Negative,0.03870689327298371,0.009357706895479767,-0.050616796453989754,1,1,-1,FCL,,1,1,0
2021-10-20,Indicator,MACD_Trend,Bearish,Bullish,Bearish,Neutral,Negative,0.03870689327298371,0.009357706895479767,-0.050616796453989754,1,1,-1,FCL,,0,0,1
2021-10-20,Indicator,CMF_State,Negative,Bullish,Bearish,Neutral,Negative,0.03870689327298371,0.009357706895479767,-0.050616796453989754,1,1,-1,FCL,,0,0,0
2021-10-21,Indicator,EMA_Trend,Bullish,Bullish,Bearish,Neutral,Negative,-0.02825550361471474,-0.08599508706976322,0.0208845461394358,-1,-1,1,FCL,,0,0,1
2021-10-21,Indicator,MACD_Trend,Bearish,Bullish,Bearish,Neutral,Negative,-0.02825550361471474,-0.08599508706976322,0.0208845461394358,-1,-1,1,FCL,,1,1,0
2021-10-21,Indicator,CMF_State,Negative,Bullish,Bearish,Neutral,Negative,-0.02825550361471474,-0.08599508706976322,0.0208845461394358,-1,-1,1,FCL,,0,0,0
2021-10-22,Indicator,EMA_Trend,Bullish,Bullish,Bearish,Neutral,Negative,-0.059418482605077094,0.05056889947608911,0.020648941565397427,-1,1,1,FCL,,0,1,1
2021-10-22,Indicator,MACD_Trend,Bearish,Bullish,Bearish,Neutral,Negative,-0.059418482605077094,0.05056889947608911,0.020648941565397427,-1,1,1,FCL,,1,0,0
2021-10-22,Indicator,CMF_State,Negative,Bullish,Bearish,Neutral,Negative,-0.059418482605077094,0.05056889947608911,0.020648941565397427,-1,1,1,FCL,,0,0,0
2021-10-25,Indicator,EMA_Trend,Bullish,Bullish,Bearish,Neutral,Negative,0.11693551281529779,0.08512544919257281,0.05600358499511371,1,1,1,FCL,,1,1,1
2021-10-25,Indicator,MACD_Trend,Bearish,Bullish,Bearish,Neutral,Negative,0.11693551281529779,0.08512544919257281,0.05600358499511371,1,1,1,FCL,,0,0,0
2021-10-25,Indicator,CMF_State,Negative,Bullish,Bearish,Neutral,Negative,0.11693551281529779,0.08512544919257281,0.05600358499511371,1,1,1,FCL,,0,0,0
2021-10-26,Candlestick,CDL_BULLISH_ENGULFING,Bullish,Bullish,Bearish,Neutral,Negative,-0.028479767415171553,-0.054552771508358466,-0.05334938984736626,-1,-1,-1,FCL,,0,0,0
2021-10-26,Indicator,EMA_Trend,Bullish,Bullish,Bearish,Neutral,Negative,-0.028479767415171553,-0.054552771508358466,-0.05334938984736626,-1,-1,-1,FCL,,0,0,0
2021-10-26,Indicator,MACD_Trend,Bearish,Bullish,Bearish,Neutral,Negative,-0.028479767415171553,-0.054552771508358466,-0.05334938984736626,-1,-1,-1,FCL,,1,1,1
2021-10-26,Indicator,CMF_State,Negative,Bullish,Bearish,Neutral,Negative,-0.028479767415171553,-0.054552771508358466,-0.05334938984736626,-1,-1,-1,FCL,,0,0,0
2021-10-27,Candlestick,CDL_HARAMI,Bearish,Bullish,Bearish,Neutral,Negative,-0.02683732486334023,-0.025598666500260547,-0.00041284412050579533,-1,-1,-1,FCL,,1,1,1
2021-10-27,Indicator,EMA_Trend,Bullish,Bullish,Bearish,Neutral,Negative,-0.02683732486334023,-0.025598666500260547,-0.00041284412050579533,-1,-1,-1,FCL,,0,0,0
2021-10-27,Indicator,MACD_Trend,Bearish,Bullish,Bearish,Neutral,Negative,-0.02683732486334023,-0.025598666500260547,-0.00041284412050579533,-1,-1,-1,FCL,,1,1,1
2021-10-27,Indicator,CMF_State,Negative,Bullish,Bearish,Neutral,Negative,-0.02683732486334023,-0.025598666500260547,-0.00041284412050579533,-1,-1,-1,FCL,,0,0,0
2021-10-28,Indicator,EMA_Trend,Bullish,Bullish,Bearish,Neutral,Negative,0.0012728173765046424,0.02715319999210175,0.049215130478185376,1,1,1,FCL,,1,1,1
2021-10-28,Indicator,MACD_Trend,Bearish,Bullish,Bearish,Neutral,Negative,0.0012728173765046424,0.02715319999210175,0.049215130478185376,1,1,1,FCL,,0,0,0
2021-10-28,Indicator,CMF_State,Negative,Bullish,Bearish,Neutral,Negative,0.0012728173765046424,0.02715319999210175,0.049215130478185376,1,1,1,FCL,,0,0,0
2021-10-29,Indicator,EMA_Trend,Bullish,Bullish,Bearish,Neutral,Negative,0.025847483489472856,0.04788136886338057,0.04194912668001871,1,1,1,FCL,,1,1,1
2021-10-29,Indicator,MACD_Trend,Bearish,Bullish,Bearish,Neutral,Negative,0.025847483489472856,0.04788136886338057,0.04194912668001871,1,1,1,FCL,,0,0,0
2021-10-29,Indicator,CMF_State,Negative,Bullish,Bearish,Neutral,Negative,0.025847483489472856,0.04788136886338057,0.04194912668001871,1,1,1,FCL,,0,0,0
2021-11-01,Candlestick,CDL_SHOOTING_STAR,Bearish,Bullish,Bearish,Neutral,Negative,0.021478714651576025,0.01569594257401219,0.05452291043147772,1,1,1,FCL,,0,0,0
2021-11-01,Indicator,EMA_Trend,Bullish,Bullish,Bearish,Neutral,Negative,0.021478714651576025,0.01569594257401219,0.05452291043147772,1,1,1,FCL,,1,1,1
2021-11-01,Indicator,MACD_Trend,Bearish,Bullish,Bearish,Neutral,Negative,0.021478714651576025,0.01569594257401219,0.05452291043147772,1,1,1,FCL,,0,0,0
2021-11-01,Indicator,CMF_State,Negative,Bullish,Bearish,Neutral,Negative,0.021478714651576025,0.01569594257401219,0.05452291043147772,1,1,1,FCL,,0,0,0
2021-11-02,Indicator,EMA_Trend,Bullish,Bullish,Bearish,Neutral,Negative,-0.0056611772664653115,0.03234937283169237,0.04367166566309133,-1,1,1,FCL,,0,1,1
2021-11-02,Indicator,MACD_Trend,Bearish,Bullish,Bearish,Neutral,Negative,-0.0056611772664653115,0.03234937283169237,0.04367166566309133,-1,1,1,FCL,,1,0,0
2021-11-02,Indicator,CMF_State,Negative,Bullish,Bearish,Neutral,Negative,-0.0056611772664653115,0.03234937283169237,0.04367166566309133,-1,1,1,FCL,,0,0,0
2021-11-03,Indicator,EMA_Trend,Bullish,Bullish,Bearish,Neutral,Negative,0.03822695969333978,0.049613714964820366,0.0455470210859219,1,1,1,FCL,,1,1,1
2021-11-03,Indicator,MACD_Trend,Bearish,Bullish,Bearish,Neutral,Negative,0.03822695969333978,0.049613714964820366,0.0455470210859219,1,1,1,FCL,,0,0,0
2021-11-03,Indicator,CMF_State,Negative,Bullish,Bearish,Neutral,Negative,0.03822695969333978,0.049613714964820366,0.0455470210859219,1,1,1,FCL,,0,0,0
2021-11-04,Indicator,EMA_Trend,Bullish,Bullish,Bullish,Neutral,Negative,0.010967501050872075,0.007050540658994464,-0.0031335802671166313,1,1,-1,FCL,,1,1,0
2021-11-04,Indicator,MACD_Trend,Bullish,Bullish,Bullish,Neutral,Negative,0.010967501050872075,0.007050540658994464,-0.0031335802671166313,1,1,-1,FCL,,1,1,0
2021-11-04,Indicator,CMF_State,Negative,Bullish,Bullish,Neutral,Negative,0.010967501050872075,0.007050540658994464,-0.0031335802671166313,1,1,-1,FCL,,0,0,0
2021-11-08,Indicator,EMA_Trend,Bullish,Bullish,Bullish,Neutral,Negative,-0.003874467169128759,-0.013948105456734416,-0.04804342836900277,-1,-1,-1,FCL,,0,0,0
2021-11-08,Indicator,MACD_Trend,Bullish,Bullish,Bullish,Neutral,Negative,-0.003874467169128759,-0.013948105456734416,-0.04804342836900277,-1,-1,-1,FCL,,0,0,0
2021-11-08,Indicator,CMF_State,Negative,Bullish,Bullish,Neutral,Negative,-0.003874467169128759,-0.013948105456734416,-0.04804342836900277,-1,-1,-1,FCL,,0,0,0
2021-11-09,Candlestick,CDL_BULLISH_ENGULFING,Bearish,Bullish,Bullish,Neutral,Negative,-0.010112820076981222,-0.04434075801104209,-0.05211983211652749,-1,-1,-1,FCL,,1,1,1
2021-11-09,Indicator,EMA_Trend,Bullish,Bullish,Bullish,Neutral,Negative,-0.010112820076981222,-0.04434075801104209,-0.05211983211652749,-1,-1,-1,FCL,,0,0,0
2021-11-09,Indicator,MACD_Trend,Bullish,Bullish,Bullish,Neutral,Negative,-0.010112820076981222,-0.04434075801104209,-0.05211983211652749,-1,-1,-1,FCL,,0,0,0
2021-11-09,Indicator,CMF_State,Negative,Bullish,Bullish,Neutral,Negative,-0.010112820076981222,-0.04434075801104209,-0.05211983211652749,-1,-1,-1,FCL,,0,0,0
2021-11-10,Candlestick,CDL_THREE_OUTSIDE_UP,Bearish,Bullish,Bullish,Neutral,Negative,-0.03457761513460833,-0.04243616130356709,-0.0703339642298012,-1,-1,-1,FCL,,1,1,1
2021-11-10,Indicator,EMA_Trend,Bullish,Bullish,Bullish,Neutral,Negative,-0.03457761513460833,-0.04243616130356709,-0.0703339642298012,-1,-1,-1,FCL,,0,0,0
2021-11-10,Indicator,MACD_Trend,Bullish,Bullish,Bullish,Neutral,Negative,-0.03457761513460833,-0.04243616130356709,-0.0703339642298012,-1,-1,-1,FCL,,0,0,0
2021-11-10,Indicator,CMF_State,Negative,Bullish,Bullish,Neutral,Negative,-0.03457761513460833,-0.04243616130356709,-0.0703339642298012,-1,-1,-1,FCL,,0,0,0
2021-11-11,Indicator,EMA_Trend,Bullish,Bullish,Bullish,Neutral,Negative,-0.008140008241112495,-0.03703700023506129,0.016687041735614416,-1,-1,1,FCL,,0,0,1
2021-11-11,Indicator,MACD_Trend,Bullish,Bullish,Bullish,Neutral,Negative,-0.008140008241112495,-0.03703700023506129,0.016687041735614416,-1,-1,1,FCL,,0,0,1
2021-11-11,Indicator,CMF_State,Negative,Bullish,Bullish,Neutral,Negative,-0.008140008241112495,-0.03703700023506129,0.016687041735614416,-1,-1,1,FCL,,0,0,0
2021-11-12,Indicator,EMA_Trend,Bullish,Bullish,Bullish,Neutral,Negative,-0.02913414416757054,0.025030800902353656,0.027082503841464378,-1,1,1,FCL,,0,1,1
2021-11-12,Indicator,MACD_Trend,Bullish,Bullish,Bullish,Neutral,Negative,-0.02913414416757054,0.025030800902353656,0.027082503841464378,-1,1,1,FCL,,0,1,1
2021-11-12,Indicator,CMF_State,Negative,Bullish,Bullish,Neutral,Negative,-0.02913414416757054,0.025030800902353656,0.027082503841464378,-1,1,1,FCL,,0,0,0
2021-11-15,Indicator,EMA_Trend,Bullish,Bullish,Bearish,Neutral,Negative,0.05579034914507597,0.057903620434600844,0.016060810206852905,1,1,1,FCL,,1,1,1
2021-11-15,Indicator,MACD_Trend,Bearish,Bullish,Bearish,Neutral,Negative,0.05579034914507597,0.057903620434600844,0.016060810206852905,1,1,1,FCL,,0,0,0
2021-11-15,Indicator,CMF_State,Negative,Bullish,Bearish,Neutral,Negative,0.05579034914507597,0.057903620434600844,0.016060810206852905,1,1,1,FCL,,0,0,0
2021-11-16,Indicator,EMA_Trend,Bullish,Bullish,Bearish,Neutral,Negative,0.0020016012565715613,-0.0376301402739605,-0.09047240123064759,1,-1,-1,FCL,,1,0,0
2021-11-16,Indicator,MACD_Trend,Bearish,Bullish,Bearish,Neutral,Negative,0.0020016012565715613,-0.0376301402739605,-0.09047240123064759,1,-1,-1,FCL,,0,1,1
2021-11-16,Indicator,CMF_State,Negative,Bullish,Bearish,Neutral,Negative,0.0020016012565715613,-0.0376301402739605,-0.09047240123064759,1,-1,-1,FCL,,0,0,0
2021-11-17,Indicator,EMA_Trend,Bullish,Bullish,Bullish,Neutral,Negative,-0.03955257305061344,-0.09228927615609706,-0.08310029084361104,-1,-1,-1,FCL,,0,0,0
2021-11-17,Indicator,MACD_Trend,Bullish,Bullish,Bullish,Neutral,Negative,-0.03955257305061344,-0.09228927615609706,-0.08310029084361104,-1,-1,-1,FCL,,0,0,0
2021-11-17,Indicator,CMF_State,Negative,Bullish,Bullish,Neutral,Negative,-0.03955257305061344,-0.09228927615609706,-0.08310029084361104,-1,-1,-1,FCL,,0,0,0
2021-11-18,Indicator,EMA_Trend,Bullish,Bullish,Bearish,Neutral,Negative,-0.054908474556476516,-0.04534107393188169,-0.04034940596720238,-1,-1,-1,FCL,,0,0,0
2021-11-18,Indicator,MACD_Trend,Bearish,Bullish,Bearish,Neutral,Negative,-0.054908474556476516,-0.04534107393188169,-0.04034940596720238,-1,-1,-1,FCL,,1,1,1
2021-11-18,Indicator,CMF_State,Negative,Bullish,Bearish,Neutral,Negative,-0.054908474556476516,-0.04534107393188169,-0.04034940596720238,-1,-1,-1,FCL,,0,0,0
2021-11-22,Indicator,EMA_Trend,Bullish,Bullish,Bearish,Neutral,Negative,0.010123253004628241,0.015404929784384347,0.02772888704392451,1,1,1,FCL,,1,1,1
2021-11-22,Indicator,MACD_Trend,Bearish,Bullish,Bearish,Neutral,Negative,0.010123253004628241,0.015404929784384347,0.02772888704392451,1,1,1,FCL,,0,0,0
2021-11-22,Indicator,CMF_State,Negative,Bullish,Bearish,Neutral,Negative,0.010123253004628241,0.015404929784384347,0.02772888704392451,1,1,1,FCL,,0,0,0
2021-11-23,Indicator,EMA_Trend,Bullish,Bullish,Bearish,Neutral,Negative,0.005228744872515012,0.017429193899782147,-0.019607843137254943,1,1,-1,FCL,,1,1,0
2021-11-23,Indicator,MACD_Trend,Bearish,Bullish,Bearish,Neutral,Negative,0.005228744872515012,0.017429193899782147,-0.019607843137254943,1,1,-1,FCL,,0,0,1
2021-11-23,Indicator,CMF_State,Negative,Bullish,Bearish,Neutral,Negative,0.005228744872515012,0.017429193899782147,-0.019607843137254943,1,1,-1,FCL,,0,0,0
2021-11-24,Candlestick,CDL_SHOOTING_STAR,Bearish,Bullish,Bearish,Neutral,Negative,0.012136987814464595,-0.024707399322250523,-0.08279146552833161,1,-1,-1,FCL,,0,1,1
2021-11-24,Indicator,EMA_Trend,Bullish,Bullish,Bearish,Neutral,Negative,0.012136987814464595,-0.024707399322250523,-0.08279146552833161,1,-1,-1,FCL,,1,0,0
2021-11-24,Indicator,MACD_Trend,Bearish,Bullish,Bearish,Neutral,Negative,0.012136987814464595,-0.024707399322250523,-0.08279146552833161,1,-1,-1,FCL,,0,1,1
2021-11-24,Indicator,CMF_State,Negative,Bullish,Bearish,Neutral,Negative,0.012136987814464595,-0.024707399322250523,-0.08279146552833161,1,-1,-1,FCL,,0,0,0
2021-11-25,Indicator,EMA_Trend,Bullish,Bullish,Bearish,Neutral,Negative,-0.036402569593147804,-0.09379012375368057,-0.09379012375368057,-1,-1,-1,FCL,,0,0,0
2021-11-25,Indicator,MACD_Trend,Bearish,Bullish,Bearish,Neutral,Negative,-0.036402569593147804,-0.09379012375368057,-0.09379012375368057,-1,-1,-1,FCL,,1,1,1
2021-11-25,Indicator,CMF_State,Negative,Bullish,Bearish,Neutral,Negative,-0.036402569593147804,-0.09379012375368057,-0.09379012375368057,-1,-1,-1,FCL,,0,0,0
2021-11-26,Indicator,EMA_Trend,Bullish,Bullish,Bearish,Neutral,Negative,-0.059555528428819615,-0.059555528428819615,-0.013777804904513746,-1,-1,-1,FCL,,0,0,0
2021-11-26,Indicator,MACD_Trend,Bearish,Bullish,Bearish,Neutral,Negative,-0.059555528428819615,-0.059555528428819615,-0.013777804904513746,-1,-1,-1,FCL,,1,1,1
2021-11-26,Indicator,CMF_State,Negative,Bullish,Bearish,Neutral,Negative,-0.059555528428819615,-0.059555528428819615,-0.013777804904513746,-1,-1,-1,FCL,,0,0,0
2021-11-29,Indicator,EMA_Trend,Bearish,Bearish,Bearish,Neutral,Negative,0.0,0.04867668948898807,0.06616256898003647,0,1,1,FCL,,0,0,0
2021-11-29,Indicator,MACD_Trend,Bearish,Bearish,Bearish,Neutral,Negative,0.0,0.04867668948898807,0.06616256898003647,0,1,1,FCL,,0,0,0
2021-11-29,Indicator,CMF_State,Negative,Bearish,Bearish,Neutral,Negative,0.0,0.04867668948898807,0.06616256898003647,0,1,1,FCL,,0,0,0
2021-11-30,Candlestick,CDL_HARAMI,Bullish,Bearish,Bearish,Neutral,Negative,0.04867668948898807,0.06616256898003647,0.06899806438372313,1,1,1,FCL,,1,1,1
2021-11-30,Candlestick,CDL_HARAMI_CROSS,Bullish,Bearish,Bearish,Neutral,Negative,0.04867668948898807,0.06616256898003647,0.06899806438372313,1,1,1,FCL,,1,1,1
2021-11-30,Indicator,EMA_Trend,Bearish,Bearish,Bearish,Neutral,Negative,0.04867668948898807,0.06616256898003647,0.06899806438372313,1,1,1,FCL,,0,0,0
2021-11-30,Indicator,MACD_Trend,Bearish,Bearish,Bearish,Neutral,Negative,0.04867668948898807,0.06616256898003647,0.06899806438372313,1,1,1,FCL,,0,0,0
2021-11-30,Indicator,CMF_State,Negative,Bearish,Bearish,Neutral,Negative,0.04867668948898807,0.06616256898003647,0.06899806438372313,1,1,1,FCL,,0,0,0
2021-12-01,Indicator,EMA_Trend,Bearish,Bearish,Bearish,Neutral,Negative,0.016674233027501817,0.019378112528311897,0.010815724296022289,1,1,1,FCL,,0,0,0
2021-12-01,Indicator,MACD_Trend,Bearish,Bearish,Bearish,Neutral,Negative,0.016674233027501817,0.019378112528311897,0.010815724296022289,1,1,1,FCL,,0,0,0
2021-12-01,Indicator,CMF_State,Negative,Bearish,Bearish,Neutral,Negative,0.016674233027501817,0.019378112528311897,0.010815724296022289,1,1,1,FCL,,0,0,0
2021-12-02,Candlestick,CDL_SHOOTING_STAR,Bearish,Bearish,Bearish,Neutral,Negative,0.002659533814246773,-0.005762424718912862,0.012854582526712122,1,-1,1,FCL,,0,1,0
2021-12-02,Indicator,EMA_Trend,Bearish,Bearish,Bearish,Neutral,Negative,0.002659533814246773,-0.005762424718912862,0.012854582526712122,1,-1,1,FCL,,0,1,0
2021-12-02,Indicator,MACD_Trend,Bearish,Bearish,Bearish,Neutral,Negative,0.002659533814246773,-0.005762424718912862,0.012854582526712122,1,-1,1,FCL,,0,1,0
2021-12-02,Indicator,CMF_State,Negative,Bearish,Bearish,Neutral,Negative,0.002659533814246773,-0.005762424718912862,0.012854582526712122,1,-1,1,FCL,,0,0,0
2021-12-03,Indicator,EMA_Trend,Bearish,Bearish,Bearish,Neutral,Negative,-0.008399619461175845,0.010168006555208331,0.025641039478373262,-1,1,1,FCL,,1,0,0
2021-12-03,Indicator,MACD_Trend,Bearish,Bearish,Bearish,Neutral,Negative,-0.008399619461175845,0.010168006555208331,0.025641039478373262,-1,1,1,FCL,,1,0,0
2021-12-03,Indicator,CMF_State,Negative,Bearish,Bearish,Neutral,Negative,-0.008399619461175845,0.010168006555208331,0.025641039478373262,-1,1,1,FCL,,0,0,0
2021-12-06,Indicator,EMA_Trend,Bearish,Bearish,Bearish,Neutral,Negative,0.018724908119029493,0.03432900955630114,0.13196607419526574,1,1,1,FCL,,0,0,0
2021-12-06,Indicator,MACD_Trend,Bearish,Bearish,Bearish,Neutral,Negative,0.018724908119029493,0.03432900955630114,0.13196607419526574,1,1,1,FCL,,0,0,0
2021-12-06,Indicator,CMF_State,Negative,Bearish,Bearish,Neutral,Negative,0.018724908119029493,0.03432900955630114,0.13196607419526574,1,1,1,FCL,,0,0,0
2021-12-07,Indicator,EMA_Trend,Bearish,Bearish,Bearish,Neutral,Negative,0.015317286652078765,0.11115971070671504,0.13873090681414113,1,1,1,FCL,,0,0,0
2021-12-07,Indicator,MACD_Trend,Bearish,Bearish,Bearish,Neutral,Negative,0.015317286652078765,0.11115971070671504,0.13873090681414113,1,1,1,FCL,,0,0,0
2021-12-07,Indicator,CMF_State,Negative,Bearish,Bearish,Neutral,Negative,0.015317286652078765,0.11115971070671504,0.13873090681414113,1,1,1,FCL,,0,0,0
2021-12-08,Candlestick,CDL_SHOOTING_STAR,Bearish,Bearish,Bullish,Neutral,Negative,0.09439652541588095,0.12155177675444495,0.19224140561860192,1,1,1,FCL,,0,0,0
2021-12-08,Indicator,EMA_Trend,Bearish,Bearish,Bullish,Neutral,Negative,0.09439652541588095,0.12155177675444495,0.19224140561860192,1,1,1,FCL,,0,0,0
2021-12-08,Indicator,MACD_Trend,Bullish,Bearish,Bullish,Neutral,Negative,0.09439652541588095,0.12155177675444495,0.19224140561860192,1,1,1,FCL,,1,1,1
2021-12-08,Indicator,CMF_State,Negative,Bearish,Bullish,Neutral,Negative,0.09439652541588095,0.12155177675444495,0.19224140561860192,1,1,1,FCL,,0,0,0
2021-12-09,Indicator,EMA_Trend,Bearish,Bearish,Bullish,Neutral,Negative,0.02481299118547975,0.08940532789569922,0.09452540597454617,1,1,1,FCL,,0,0,0
2021-12-09,Indicator,MACD_Trend,Bullish,Bearish,Bullish,Neutral,Negative,0.02481299118547975,0.08940532789569922,0.09452540597454617,1,1,1,FCL,,1,1,1
2021-12-09,Indicator,CMF_State,Negative,Bearish,Bullish,Neutral,Negative,0.02481299118547975,0.08940532789569922,0.09452540597454617,1,1,1,FCL,,0,0,0
2021-12-10,Indicator,EMA_Trend,Bearish,Bearish,Bullish,Neutral,Negative,0.06302841324786534,0.06802452290190497,0.10069170046236131,1,1,1,FCL,,0,0,0
2021-12-10,Indicator,MACD_Trend,Bullish,Bearish,Bullish,Neutral,Negative,0.06302841324786534,0.06802452290190497,0.10069170046236131,1,1,1,FCL,,1,1,1
2021-12-10,Indicator,CMF_State,Negative,Bearish,Bullish,Neutral,Negative,0.06302841324786534,0.06802452290190497,0.10069170046236131,1,1,1,FCL,,0,0,0
2021-12-13,Indicator,EMA_Trend,Bullish,Bullish,Bullish,Overbought,Positive,0.004699883457277343,0.03543017923615355,0.021691973490971517,1,1,1,FCL,,1,1,1
2021-12-13,Indicator,MACD_Trend,Bullish,Bullish,Bullish,Overbought,Positive,0.004699883457277343,0.03543017923615355,0.021691973490971517,1,1,1,FCL,,1,1,1
2021-12-13,Indicator,RSI_State,Overbought,Bullish,Bullish,Overbought,Positive,0.004699883457277343,0.03543017923615355,0.021691973490971517,1,1,1,FCL,,0,0,0
2021-12-13,Indicator,CMF_State,Positive,Bullish,Bullish,Overbought,Positive,0.004699883457277343,0.03543017923615355,0.021691973490971517,1,1,1,FCL,,0,0,0
2021-12-14,Indicator,EMA_Trend,Bullish,Bullish,Bullish,Overbought,Positive,0.030586542593326493,0.016912602771707697,-0.03490457683517001,1,1,-1,FCL,,1,1,0
2021-12-14,Indicator,MACD_Trend,Bullish,Bullish,Bullish,Overbought,Positive,0.030586542593326493,0.016912602771707697,-0.03490457683517001,1,1,-1,FCL,,1,1,0
2021-12-14,Indicator,RSI_State,Overbought,Bullish,Bullish,Overbought,Positive,0.030586542593326493,0.016912602771707697,-0.03490457683517001,1,1,-1,FCL,,0,0,0
2021-12-14,Indicator,CMF_State,Positive,Bullish,Bullish,Overbought,Positive,0.030586542593326493,0.016912602771707697,-0.03490457683517001,1,1,-1,FCL,,0,0,0
2021-12-15,Indicator,EMA_Trend,Bullish,Bullish,Bullish,Overbought,Negative,-0.013268114085024041,-0.06354742345431497,-0.1340781938367065,-1,-1,-1,FCL,,0,0,0
2021-12-15,Indicator,MACD_Trend,Bullish,Bullish,Bullish,Overbought,Negative,-0.013268114085024041,-0.06354742345431497,-0.1340781938367065,-1,-1,-1,FCL,,0,0,0
2021-12-15,Indicator,RSI_State,Overbought,Bullish,Bullish,Overbought,Negative,-0.013268114085024041,-0.06354742345431497,-0.1340781938367065,-1,-1,-1,FCL,,0,0,0
2021-12-15,Indicator,CMF_State,Negative,Bullish,Bullish,Overbought,Negative,-0.013268114085024041,-0.06354742345431497,-0.1340781938367065,-1,-1,-1,FCL,,0,0,0
2021-12-16,Candlestick,CDL_BULLISH_ENGULFING,Bearish,Bullish,Bullish,Overbought,Positive,-0.05095539131449878,-0.12243455540068793,-0.09377211403984587,-1,-1,-1,FCL,,1,1,1
2021-12-16,Indicator,EMA_Trend,Bullish,Bullish,Bullish,Overbought,Positive,-0.05095539131449878,-0.12243455540068793,-0.09377211403984587,-1,-1,-1,FCL,,0,0,0
2021-12-16,Indicator,MACD_Trend,Bullish,Bullish,Bullish,Overbought,Positive,-0.05095539131449878,-0.12243455540068793,-0.09377211403984587,-1,-1,-1,FCL,,0,0,0
2021-12-16,Indicator,RSI_State,Overbought,Bullish,Bullish,Overbought,Positive,-0.05095539131449878,-0.12243455540068793,-0.09377211403984587,-1,-1,-1,FCL,,0,0,0
2021-12-16,Indicator,CMF_State,Positive,Bullish,Bullish,Overbought,Positive,-0.05095539131449878,-0.12243455540068793,-0.09377211403984587,-1,-1,-1,FCL,,0,0,0
2021-12-17,Candlestick,CDL_THREE_OUTSIDE_UP,Bearish,Bullish,Bullish,Neutral,Negative,-0.07531696975255275,-0.04511560608794929,-0.005220075877482744,-1,-1,-1,FCL,,1,1,1
2021-12-17,Indicator,EMA_Trend,Bullish,Bullish,Bullish,Neutral,Negative,-0.07531696975255275,-0.04511560608794929,-0.005220075877482744,-1,-1,-1,FCL,,0,0,0
2021-12-17,Indicator,MACD_Trend,Bullish,Bullish,Bullish,Neutral,Negative,-0.07531696975255275,-0.04511560608794929,-0.005220075877482744,-1,-1,-1,FCL,,0,0,0
2021-12-17,Indicator,CMF_State,Negative,Bullish,Bullish,Neutral,Negative,-0.07531696975255275,-0.04511560608794929,-0.005220075877482744,-1,-1,-1,FCL,,0,0,0
2021-12-20,Indicator,EMA_Trend,Bullish,Bullish,Bullish,Neutral,Negative,0.03266131493353064,0.075806402391003,0.062096749582598365,1,1,1,FCL,,1,1,1
2021-12-20,Indicator,MACD_Trend,Bullish,Bullish,Bullish,Neutral,Negative,0.03266131493353064,0.075806402391003,0.062096749582598365,1,1,1,FCL,,1,1,1
2021-12-20,Indicator,CMF_State,Negative,Bullish,Bullish,Neutral,Negative,0.03266131493353064,0.075806402391003,0.062096749582598365,1,1,1,FCL,,0,0,0
2021-12-21,Candlestick,CDL_HARAMI,Bullish,Bullish,Bullish,Neutral,Negative,0.04178048197752959,0.028504442088994386,0.002342858606856568,1,1,1,FCL,,1,1,1
2021-12-21,Indicator,EMA_Trend,Bullish,Bullish,Bullish,Neutral,Negative,0.04178048197752959,0.028504442088994386,0.002342858606856568,1,1,1,FCL,,1,1,1
2021-12-21,Indicator,MACD_Trend,Bullish,Bullish,Bullish,Neutral,Negative,0.04178048197752959,0.028504442088994386,0.002342858606856568,1,1,1,FCL,,1,1,1
2021-12-21,Indicator,CMF_State,Negative,Bullish,Bullish,Neutral,Negative,0.04178048197752959,0.028504442088994386,0.002342858606856568,1,1,1,FCL,,0,0,0
2021-12-22,Candlestick,CDL_THREE_INSIDE_UP,Bullish,Bullish,Bullish,Neutral,Positive,-0.012743605892226229,-0.03785598218908037,-0.0022487841581276813,-1,-1,-1,FCL,,0,0,0
2021-12-22,Indicator,EMA_Trend,Bullish,Bullish,Bullish,Neutral,Positive,-0.012743605892226229,-0.03785598218908037,-0.0022487841581276813,-1,-1,-1,FCL,,0,0,0
2021-12-22,Indicator,MACD_Trend,Bullish,Bullish,Bullish,Neutral,Positive,-0.012743605892226229,-0.03785598218908037,-0.0022487841581276813,-1,-1,-1,FCL,,0,0,0
2021-12-22,Indicator,CMF_State,Positive,Bullish,Bullish,Neutral,Positive,-0.012743605892226229,-0.03785598218908037,-0.0022487841581276813,-1,-1,-1,FCL,,0,0,0
2021-12-23,Indicator,EMA_Trend,Bullish,Bullish,Bullish,Neutral,Negative,-0.02543652940282981,0.010630289959867145,0.04935459491737482,-1,1,1,FCL,,0,1,1
2021-12-23,Indicator,MACD_Trend,Bullish,Bullish,Bullish,Neutral,Negative,-0.02543652940282981,0.010630289959867145,0.04935459491737482,-1,1,1,FCL,,0,1,1
2021-12-23,Indicator,CMF_State,Negative,Bullish,Bullish,Neutral,Negative,-0.02543652940282981,0.010630289959867145,0.04935459491737482,-1,1,1,FCL,,0,0,0
2021-12-24,Indicator,EMA_Trend,Bullish,Bullish,Bullish,Neutral,Negative,0.03700817899587072,0.07674320511354282,0.09816899295325743,1,1,1,FCL,,1,1,1
2021-12-24,Indicator,MACD_Trend,Bullish,Bullish,Bullish,Neutral,Negative,0.03700817899587072,0.07674320511354282,0.09816899295325743,1,1,1,FCL,,1,1,1
2021-12-24,Indicator,CMF_State,Negative,Bullish,Bullish,Neutral,Negative,0.03700817899587072,0.07674320511354282,0.09816899295325743,1,1,1,FCL,,0,0,0
2021-12-27,Indicator,EMA_Trend,Bullish,Bullish,Bullish,Neutral,Positive,0.03831698430396879,0.05897814038131144,0.027798623430299374,1,1,1,FCL,,1,1,1
2021-12-27,Indicator,MACD_Trend,Bullish,Bullish,Bullish,Neutral,Positive,0.03831698430396879,0.05897814038131144,0.027798623430299374,1,1,1,FCL,,1,1,1
2021-12-27,Indicator,CMF_State,Positive,Bullish,Bullish,Neutral,Positive,0.03831698430396879,0.05897814038131144,0.027798623430299374,1,1,1,FCL,,0,0,0
2021-12-28,Indicator,EMA_Trend,Bullish,Bullish,Bullish,Neutral,Positive,0.019898697979204183,-0.0101302020795897,0.0025326057253582945,1,-1,1,FCL,,1,0,1
2021-12-28,Indicator,MACD_Trend,Bullish,Bullish,Bullish,Neutral,Positive,0.019898697979204183,-0.0101302020795897,0.0025326057253582945,1,-1,1,FCL,,1,0,1
2021-12-28,Indicator,CMF_State,Positive,Bullish,Bullish,Neutral,Positive,0.019898697979204183,-0.0101302020795897,0.0025326057253582945,1,-1,1,FCL,,0,0,0
2021-12-29,Indicator,EMA_Trend,Bullish,Bullish,Bullish,Neutral,Positive,-0.029443022251417816,-0.017027271716548276,-0.0241219863079023,-1,-1,-1,FCL,,0,0,0
2021-12-29,Indicator,MACD_Trend,Bullish,Bullish,Bullish,Neutral,Positive,-0.029443022251417816,-0.017027271716548276,-0.0241219863079023,-1,-1,-1,FCL,,0,0,0
2021-12-29,Indicator,CMF_State,Positive,Bullish,Bullish,Neutral,Positive,-0.029443022251417816,-0.017027271716548276,-0.0241219863079023,-1,-1,-1,FCL,,0,0,0
2021-12-30,Indicator,EMA_Trend,Bullish,Bullish,Bullish,Neutral,Positive,0.012792397375443798,0.00548245601804731,-0.009137426696745554,1,1,-1,FCL,,1,1,0
2021-12-30,Indicator,MACD_Trend,Bullish,Bullish,Bullish,Neutral,Positive,0.012792397375443798,0.00548245601804731,-0.009137426696745554,1,1,-1,FCL,,1,1,0
2021-12-30,Indicator,CMF_State,Positive,Bullish,Bullish,Neutral,Positive,0.012792397375443798,0.00548245601804731,-0.009137426696745554,1,1,-1,FCL,,0,0,0
2021-12-31,Indicator,EMA_Trend,Bullish,Bullish,Bullish,Neutral,Positive,-0.007217610811790731,-0.021652832435372082,-0.023096332571330036,-1,-1,-1,FCL,,0,0,0
2021-12-31,Indicator,MACD_Trend,Bullish,Bullish,Bullish,Neutral,Positive,-0.007217610811790731,-0.021652832435372082,-0.023096332571330036,-1,-1,-1,FCL,,0,0,0
2021-12-31,Indicator,CMF_State,Positive,Bullish,Bullish,Neutral,Positive,-0.007217610811790731,-0.021652832435372082,-0.023096332571330036,-1,-1,-1,FCL,,0,0,0
2022-01-03,Indicator,EMA_Trend,Bullish,Bullish,Bullish,Neutral,Positive,-0.014540166889327022,-0.015994161391725825,-0.024718350271457745,-1,-1,-1,FCL,,0,0,0
2022-01-03,Indicator,MACD_Trend,Bullish,Bullish,Bullish,Neutral,Positive,-0.014540166889327022,-0.015994161391725825,-0.024718350271457745,-1,-1,-1,FCL,,0,0,0
2022-01-03,Indicator,CMF_State,Positive,Bullish,Bullish,Neutral,Positive,-0.014540166889327022,-0.015994161391725825,-0.024718350271457745,-1,-1,-1,FCL,,0,0,0
2022-01-04,Indicator,EMA_Trend,Bullish,Bullish,Bullish,Neutral,Positive,-0.00147544775905184,-0.010328359452259628,-0.007377351364707518,-1,-1,-1,FCL,,0,0,0
2022-01-04,Indicator,MACD_Trend,Bullish,Bullish,Bullish,Neutral,Positive,-0.00147544775905184,-0.010328359452259628,-0.007377351364707518,-1,-1,-1,FCL,,0,0,0
2022-01-04,Indicator,CMF_State,Positive,Bullish,Bullish,Neutral,Positive,-0.00147544775905184,-0.010328359452259628,-0.007377351364707518,-1,-1,-1,FCL,,0,0,0
2022-01-05,Indicator,EMA_Trend,Bullish,Bullish,Bearish,Neutral,Positive,-0.0088659930027154,-0.005910624423215549,0.0007387575930368762,-1,-1,1,FCL,,0,0,1
2022-01-05,Indicator,MACD_Trend,Bearish,Bullish,Bearish,Neutral,Positive,-0.0088659930027154,-0.005910624423215549,0.0007387575930368762,-1,-1,1,FCL,,1,1,0
2022-01-05,Indicator,CMF_State,Positive,Bullish,Bearish,Neutral,Positive,-0.0088659930027154,-0.005910624423215549,0.0007387575930368762,-1,-1,1,FCL,,0,0,0
2022-01-06,Indicator,EMA_Trend,Bullish,Bullish,Bearish,Neutral,Negative,0.002981805243927882,0.009690667990346347,0.1252329766389806,1,1,1,FCL,,1,1,1
2022-01-06,Indicator,MACD_Trend,Bearish,Bullish,Bearish,Neutral,Negative,0.002981805243927882,0.009690667990346347,0.1252329766389806,1,1,1,FCL,,0,0,0
2022-01-06,Indicator,CMF_State,Negative,Bullish,Bearish,Neutral,Negative,0.002981805243927882,0.009690667990346347,0.1252329766389806,1,1,1,FCL,,0,0,0
2022-01-07,Indicator,EMA_Trend,Bullish,Bullish,Bearish,Neutral,Negative,0.006688917696554553,0.12188772593469022,0.1356373064739338,1,1,1,FCL,,1,1,1
2022-01-07,Indicator,MACD_Trend,Bearish,Bullish,Bearish,Neutral,Negative,0.006688917696554553,0.12188772593469022,0.1356373064739338,1,1,1,FCL,,0,0,0
2022-01-07,Indicator,CMF_State,Negative,Bullish,Bearish,Neutral,Negative,0.006688917696554553,0.12188772593469022,0.1356373064739338,1,1,1,FCL,,0,0,0
2022-01-10,Candlestick,CDL_SHOOTING_STAR,Bearish,Bullish,Bearish,Neutral,Negative,0.1144333728255662,0.12809159464319042,0.13215215620944853,1,1,1,FCL,,0,0,0
2022-01-10,Indicator,EMA_Trend,Bullish,Bullish,Bearish,Neutral,Negative,0.1144333728255662,0.12809159464319042,0.13215215620944853,1,1,1,FCL,,1,1,1
2022-01-10,Indicator,MACD_Trend,Bearish,Bullish,Bearish,Neutral,Negative,0.1144333728255662,0.12809159464319042,0.13215215620944853,1,1,1,FCL,,0,0,0
2022-01-10,Indicator,CMF_State,Negative,Bullish,Bearish,Neutral,Negative,0.1144333728255662,0.12809159464319042,0.13215215620944853,1,1,1,FCL,,0,0,0
2022-01-11,Indicator,EMA_Trend,Bullish,Bullish,Bullish,Neutral,Positive,0.012255754494317372,0.01589936537790293,0.00894339934288646,1,1,1,FCL,,1,1,1
2022-01-11,Indicator,MACD_Trend,Bullish,Bullish,Bullish,Neutral,Positive,0.012255754494317372,0.01589936537790293,0.00894339934288646,1,1,1,FCL,,1,1,1
2022-01-11,Indicator,CMF_State,Positive,Bullish,Bullish,Neutral,Positive,0.012255754494317372,0.01589936537790293,0.00894339934288646,1,1,1,FCL,,0,0,0
2022-01-12,Indicator,EMA_Trend,Bullish,Bullish,Bullish,Neutral,Positive,0.0035994963401375646,-0.0032722512435463535,0.05301041022874098,1,-1,1,FCL,,1,0,1
2022-01-12,Indicator,MACD_Trend,Bullish,Bullish,Bullish,Neutral,Positive,0.0035994963401375646,-0.0032722512435463535,0.05301041022874098,1,-1,1,FCL,,1,0,1
2022-01-12,Indicator,CMF_State,Positive,Bullish,Bullish,Neutral,Positive,0.0035994963401375646,-0.0032722512435463535,0.05301041022874098,1,-1,1,FCL,,0,0,0
2022-01-13,Indicator,EMA_Trend,Bullish,Bullish,Bullish,Overbought,Positive,-0.006847101467012839,0.049233697375090424,0.0019562294165560434,-1,1,1,FCL,,0,1,1
2022-01-13,Indicator,MACD_Trend,Bullish,Bullish,Bullish,Overbought,Positive,-0.006847101467012839,0.049233697375090424,0.0019562294165560434,-1,1,1,FCL,,0,1,1
2022-01-13,Indicator,RSI_State,Overbought,Bullish,Bullish,Overbought,Positive,-0.006847101467012839,0.049233697375090424,0.0019562294165560434,-1,1,1,FCL,,0,0,0
2022-01-13,Indicator,CMF_State,Positive,Bullish,Bullish,Overbought,Positive,-0.006847101467012839,0.049233697375090424,0.0019562294165560434,-1,1,1,FCL,,0,0,0
2022-01-14,Indicator,EMA_Trend,Bullish,Bullish,Bullish,Neutral,Positive,0.05646743711360225,0.008864023753615946,0.037097792404930274,1,1,1,FCL,,1,1,1
2022-01-14,Indicator,MACD_Trend,Bullish,Bullish,Bullish,Neutral,Positive,0.05646743711360225,0.008864023753615946,0.037097792404930274,1,1,1,FCL,,1,1,1
2022-01-14,Indicator,CMF_State,Positive,Bullish,Bullish,Neutral,Positive,0.05646743711360225,0.008864023753615946,0.037097792404930274,1,1,1,FCL,,0,0,0
2022-01-17,Indicator,EMA_Trend,Bullish,Bullish,Bullish,Overbought,Positive,-0.04505904459303034,-0.018334350902089347,-0.006215040633521407,-1,-1,-1,FCL,,0,0,0
2022-01-17,Indicator,MACD_Trend,Bullish,Bullish,Bullish,Overbought,Positive,-0.04505904459303034,-0.018334350902089347,-0.006215040633521407,-1,-1,-1,FCL,,0,0,0
2022-01-17,Indicator,RSI_State,Overbought,Bullish,Bullish,Overbought,Positive,-0.04505904459303034,-0.018334350902089347,-0.006215040633521407,-1,-1,-1,FCL,,0,0,0
2022-01-17,Indicator,CMF_State,Positive,Bullish,Bullish,Overbought,Positive,-0.04505904459303034,-0.018334350902089347,-0.006215040633521407,-1,-1,-1,FCL,,0,0,0
2022-01-18,Candlestick,CDL_DARKCLOUDCOVER,Bearish,Bullish,Bullish,Neutral,Positive,0.02798570271766354,0.04067686461615283,0.011714956871202276,1,1,1,FCL,,0,0,0
2022-01-18,Indicator,EMA_Trend,Bullish,Bullish,Bullish,Neutral,Positive,0.02798570271766354,0.04067686461615283,0.011714956871202276,1,1,1,FCL,,1,1,1
2022-01-18,Indicator,MACD_Trend,Bullish,Bullish,Bullish,Neutral,Positive,0.02798570271766354,0.04067686461615283,0.011714956871202276,1,1,1,FCL,,1,1,1
2022-01-18,Indicator,CMF_State,Positive,Bullish,Bullish,Neutral,Positive,0.02798570271766354,0.04067686461615283,0.011714956871202276,1,1,1,FCL,,0,0,0
2022-01-19,Indicator,EMA_Trend,Bullish,Bullish,Bullish,Neutral,Positive,0.012345659929839492,-0.015827793911380783,-0.06362775084478822,1,-1,-1,FCL,,1,0,0
2022-01-19,Indicator,MACD_Trend,Bullish,Bullish,Bullish,Neutral,Positive,0.012345659929839492,-0.015827793911380783,-0.06362775084478822,1,-1,-1,FCL,,1,0,0
2022-01-19,Indicator,CMF_State,Positive,Bullish,Bullish,Neutral,Positive,0.012345659929839492,-0.015827793911380783,-0.06362775084478822,1,-1,-1,FCL,,0,0,0
2022-01-20,Indicator,EMA_Trend,Bullish,Bullish,Bullish,Neutral,Positive,-0.02782987566042694,-0.07504690717979967,0.018136393158031172,-1,-1,1,FCL,,0,0,1
2022-01-20,Indicator,MACD_Trend,Bullish,Bullish,Bullish,Neutral,Positive,-0.02782987566042694,-0.07504690717979967,0.018136393158031172,-1,-1,1,FCL,,0,0,1
2022-01-20,Indicator,CMF_State,Positive,Bullish,Bullish,Neutral,Positive,-0.02782987566042694,-0.07504690717979967,0.018136393158031172,-1,-1,1,FCL,,0,0,0
2022-01-21,Indicator,EMA_Trend,Bullish,Bullish,Bullish,Neutral,Positive,-0.048568692183838524,0.04728212446323066,0.027661647707780457,-1,1,1,FCL,,0,1,1
2022-01-21,Indicator,MACD_Trend,Bullish,Bullish,Bullish,Neutral,Positive,-0.048568692183838524,0.04728212446323066,0.027661647707780457,-1,1,1,FCL,,0,1,1
2022-01-21,Indicator,CMF_State,Positive,Bullish,Bullish,Neutral,Positive,-0.048568692183838524,0.04728212446323066,0.027661647707780457,-1,1,1,FCL,,0,0,0
2022-01-24,Indicator,EMA_Trend,Bullish,Bullish,Bullish,Neutral,Positive,0.10074381183343384,0.08012174842826214,0.05476677780788042,1,1,1,FCL,,1,1,1
2022-01-24,Indicator,MACD_Trend,Bullish,Bullish,Bullish,Neutral,Positive,0.10074381183343384,0.08012174842826214,0.05476677780788042,1,1,1,FCL,,1,1,1
2022-01-24,Indicator,CMF_State,Positive,Bullish,Bullish,Neutral,Positive,0.10074381183343384,0.08012174842826214,0.05476677780788042,1,1,1,FCL,,0,0,0
2022-01-25,Candlestick,CDL_BULLISH_ENGULFING,Bullish,Bullish,Bullish,Neutral,Positive,-0.018734662128895296,-0.041769059731503466,-0.027027082756715726,-1,-1,-1,FCL,,0,0,0
2022-01-25,Indicator,EMA_Trend,Bullish,Bullish,Bullish,Neutral,Positive,-0.018734662128895296,-0.041769059731503466,-0.027027082756715726,-1,-1,-1,FCL,,0,0,0
2022-01-25,Indicator,MACD_Trend,Bullish,Bullish,Bullish,Neutral,Positive,-0.018734662128895296,-0.041769059731503466,-0.027027082756715726,-1,-1,-1,FCL,,0,0,0
2022-01-25,Indicator,CMF_State,Positive,Bullish,Bullish,Neutral,Positive,-0.018734662128895296,-0.041769059731503466,-0.027027082756715726,-1,-1,-1,FCL,,0,0,0
2022-01-27,Candlestick,CDL_HARAMI,Bearish,Bullish,Bullish,Neutral,Positive,-0.023474178403755874,-0.008450742432022706,0.059154910474129574,-1,-1,1,FCL,,1,1,0
2022-01-27,Candlestick,CDL_HARAMI_CROSS,Bearish,Bullish,Bullish,Neutral,Positive,-0.023474178403755874,-0.008450742432022706,0.059154910474129574,-1,-1,1,FCL,,1,1,0
2022-01-27,Indicator,EMA_Trend,Bullish,Bullish,Bullish,Neutral,Positive,-0.023474178403755874,-0.008450742432022706,0.059154910474129574,-1,-1,1,FCL,,0,0,1
2022-01-27,Indicator,MACD_Trend,Bullish,Bullish,Bullish,Neutral,Positive,-0.023474178403755874,-0.008450742432022706,0.059154910474129574,-1,-1,1,FCL,,0,0,1
2022-01-27,Indicator,CMF_State,Positive,Bullish,Bullish,Neutral,Positive,-0.023474178403755874,-0.008450742432022706,0.059154910474129574,-1,-1,1,FCL,,0,0,0
2022-01-28,Indicator,EMA_Trend,Bullish,Bullish,Bullish,Neutral,Positive,0.015384576259515281,0.08461536505283451,0.10032047369541264,1,1,1,FCL,,1,1,1
2022-01-28,Indicator,MACD_Trend,Bullish,Bullish,Bullish,Neutral,Positive,0.015384576259515281,0.08461536505283451,0.10032047369541264,1,1,1,FCL,,1,1,1
2022-01-28,Indicator,CMF_State,Positive,Bullish,Bullish,Neutral,Positive,0.015384576259515281,0.08461536505283451,0.10032047369541264,1,1,1,FCL,,0,0,0
2022-01-31,Candlestick,CDL_HARAMI,Bullish,Bullish,Bearish,Neutral,Positive,0.06818184007516881,0.08364899312217755,0.06250006020671428,1,1,1,FCL,,1,1,1
2022-01-31,Indicator,EMA_Trend,Bullish,Bullish,Bearish,Neutral,Positive,0.06818184007516881,0.08364899312217755,0.06250006020671428,1,1,1,FCL,,1,1,1
2022-01-31,Indicator,MACD_Trend,Bearish,Bullish,Bearish,Neutral,Positive,0.06818184007516881,0.08364899312217755,0.06250006020671428,1,1,1,FCL,,0,0,0
2022-01-31,Indicator,CMF_State,Positive,Bullish,Bearish,Neutral,Positive,0.06818184007516881,0.08364899312217755,0.06250006020671428,1,1,1,FCL,,0,0,0
2022-02-01,Candlestick,CDL_THREE_INSIDE_UP,Bullish,Bullish,Bullish,Neutral,Positive,0.014479887662123492,-0.005319112959320416,0.026595745160542306,1,-1,1,FCL,,1,0,1
2022-02-01,Indicator,EMA_Trend,Bullish,Bullish,Bullish,Neutral,Positive,0.014479887662123492,-0.005319112959320416,0.026595745160542306,1,-1,1,FCL,,1,0,1
2022-02-01,Indicator,MACD_Trend,Bullish,Bullish,Bullish,Neutral,Positive,0.014479887662123492,-0.005319112959320416,0.026595745160542306,1,-1,1,FCL,,1,0,1
2022-02-01,Indicator,CMF_State,Positive,Bullish,Bullish,Neutral,Positive,0.014479887662123492,-0.005319112959320416,0.026595745160542306,1,-1,1,FCL,,0,0,0
2022-02-02,Indicator,EMA_Trend,Bullish,Bullish,Bullish,Neutral,Positive,-0.019516405265629144,0.011942925281978711,-0.011651617076119059,-1,1,-1,FCL,,0,1,0
2022-02-02,Indicator,MACD_Trend,Bullish,Bullish,Bullish,Neutral,Positive,-0.019516405265629144,0.011942925281978711,-0.011651617076119059,-1,1,-1,FCL,,0,1,0
2022-02-02,Indicator,CMF_State,Positive,Bullish,Bullish,Neutral,Positive,-0.019516405265629144,0.011942925281978711,-0.011651617076119059,-1,1,-1,FCL,,0,0,0
2022-02-03,Candlestick,CDL_BULLISH_ENGULFING,Bearish,Bullish,Bullish,Neutral,Positive,0.032085524649834385,0.00802133583034692,-0.004456327904933888,1,1,-1,FCL,,0,0,1
2022-02-03,Indicator,EMA_Trend,Bullish,Bullish,Bullish,Neutral,Positive,0.032085524649834385,0.00802133583034692,-0.004456327904933888,1,1,-1,FCL,,1,1,0
2022-02-03,Indicator,MACD_Trend,Bullish,Bullish,Bullish,Neutral,Positive,0.032085524649834385,0.00802133583034692,-0.004456327904933888,1,1,-1,FCL,,1,1,0
2022-02-03,Indicator,CMF_State,Positive,Bullish,Bullish,Neutral,Positive,0.032085524649834385,0.00802133583034692,-0.004456327904933888,1,1,-1,FCL,,0,0,0
2022-02-04,Indicator,EMA_Trend,Bullish,Bullish,Bullish,Neutral,Positive,-0.02331608015493869,-0.03540583767722749,-0.021013206451419686,-1,-1,-1,FCL,,0,0,0
2022-02-04,Indicator,MACD_Trend,Bullish,Bullish,Bullish,Neutral,Positive,-0.02331608015493869,-0.03540583767722749,-0.021013206451419686,-1,-1,-1,FCL,,0,0,0
2022-02-04,Indicator,CMF_State,Positive,Bullish,Bullish,Neutral,Positive,-0.02331608015493869,-0.03540583767722749,-0.021013206451419686,-1,-1,-1,FCL,,0,0,0
2022-02-07,Indicator,EMA_Trend,Bullish,Bullish,Bullish,Neutral,Positive,-0.012378372651212222,0.0023578495117277942,-0.011788977730351924,-1,1,-1,FCL,,0,1,0
2022-02-07,Indicator,MACD_Trend,Bullish,Bullish,Bullish,Neutral,Positive,-0.012378372651212222,0.0023578495117277942,-0.011788977730351924,-1,1,-1,FCL,,0,1,0
2022-02-07,Indicator,CMF_State,Positive,Bullish,Bullish,Neutral,Positive,-0.012378372651212222,0.0023578495117277942,-0.011788977730351924,-1,1,-1,FCL,,0,0,0
2022-02-08,Indicator,EMA_Trend,Bullish,Bullish,Bullish,Neutral,Positive,0.01492091885684843,0.0005967821122370154,-0.028946619010310704,1,1,-1,FCL,,1,1,0
2022-02-08,Indicator,MACD_Trend,Bullish,Bullish,Bullish,Neutral,Positive,0.01492091885684843,0.0005967821122370154,-0.028946619010310704,1,1,-1,FCL,,1,1,0
2022-02-08,Indicator,CMF_State,Positive,Bullish,Bullish,Neutral,Positive,0.01492091885684843,0.0005967821122370154,-0.028946619010310704,1,1,-1,FCL,,0,0,0
2022-02-09,Indicator,EMA_Trend,Bullish,Bullish,Bullish,Neutral,Positive,-0.014113549616008858,-0.04322261671044203,-0.08232872536755464,-1,-1,-1,FCL,,0,0,0
2022-02-09,Indicator,MACD_Trend,Bullish,Bullish,Bullish,Neutral,Positive,-0.014113549616008858,-0.04322261671044203,-0.08232872536755464,-1,-1,-1,FCL,,0,0,0
2022-02-09,Indicator,CMF_State,Positive,Bullish,Bullish,Neutral,Positive,-0.014113549616008858,-0.04322261671044203,-0.08232872536755464,-1,-1,-1,FCL,,0,0,0
2022-02-10,Candlestick,CDL_BULLISH_ENGULFING,Bearish,Bullish,Bearish,Neutral,Negative,-0.029525780664797163,-0.06919171647503297,-0.01819259113634064,-1,-1,-1,FCL,,1,1,1
2022-02-10,Indicator,EMA_Trend,Bullish,Bullish,Bearish,Neutral,Negative,-0.029525780664797163,-0.06919171647503297,-0.01819259113634064,-1,-1,-1,FCL,,0,0,0
2022-02-10,Indicator,MACD_Trend,Bearish,Bullish,Bearish,Neutral,Negative,-0.029525780664797163,-0.06919171647503297,-0.01819259113634064,-1,-1,-1,FCL,,1,1,1
2022-02-10,Indicator,CMF_State,Negative,Bullish,Bearish,Neutral,Negative,-0.029525780664797163,-0.06919171647503297,-0.01819259113634064,-1,-1,-1,FCL,,0,0,0
2022-02-11,Candlestick,CDL_THREE_OUTSIDE_UP,Bearish,Bullish,Bearish,Neutral,Negative,-0.04087273522567958,0.011677991339347438,0.06822376344018455,-1,1,1,FCL,,1,0,0
2022-02-11,Indicator,EMA_Trend,Bullish,Bullish,Bearish,Neutral,Negative,-0.04087273522567958,0.011677991339347438,0.06822376344018455,-1,1,1,FCL,,0,1,1
2022-02-11,Indicator,MACD_Trend,Bearish,Bullish,Bearish,Neutral,Negative,-0.04087273522567958,0.011677991339347438,0.06822376344018455,-1,1,1,FCL,,1,0,0
2022-02-11,Indicator,CMF_State,Negative,Bullish,Bearish,Neutral,Negative,-0.04087273522567958,0.011677991339347438,0.06822376344018455,-1,1,1,FCL,,0,0,0
2022-02-14,Indicator,EMA_Trend,Bullish,Bullish,Bearish,Neutral,Negative,0.05479014985294173,0.11374559213634083,0.097725086201645,1,1,1,FCL,,1,1,1
2022-02-14,Indicator,MACD_Trend,Bearish,Bullish,Bearish,Neutral,Negative,0.05479014985294173,0.11374559213634083,0.097725086201645,1,1,1,FCL,,0,0,0
2022-02-14,Indicator,CMF_State,Negative,Bullish,Bearish,Neutral,Negative,0.05479014985294173,0.11374559213634083,0.097725086201645,1,1,1,FCL,,0,0,0
2022-02-15,Indicator,EMA_Trend,Bullish,Bullish,Bearish,Neutral,Negative,0.05589305350606355,0.040704718710815824,0.020656098240641185,1,1,1,FCL,,1,1,1
2022-02-15,Indicator,MACD_Trend,Bearish,Bullish,Bearish,Neutral,Negative,0.05589305350606355,0.040704718710815824,0.020656098240641185,1,1,1,FCL,,0,0,0
2022-02-15,Indicator,CMF_State,Negative,Bullish,Bearish,Neutral,Negative,0.05589305350606355,0.040704718710815824,0.020656098240641185,1,1,1,FCL,,0,0,0
2022-02-16,Indicator,EMA_Trend,Bullish,Bullish,Bearish,Neutral,Negative,-0.014384349574812716,-0.03337170857258598,-0.0699079916106512,-1,-1,-1,FCL,,0,0,0
2022-02-16,Indicator,MACD_Trend,Bearish,Bullish,Bearish,Neutral,Negative,-0.014384349574812716,-0.03337170857258598,-0.0699079916106512,-1,-1,-1,FCL,,1,1,1
2022-02-16,Indicator,CMF_State,Negative,Bullish,Bearish,Neutral,Negative,-0.014384349574812716,-0.03337170857258598,-0.0699079916106512,-1,-1,-1,FCL,,0,0,0
2022-02-17,Indicator,EMA_Trend,Bullish,Bullish,Bearish,Neutral,Negative,-0.0192644658083323,-0.05633396954673564,-0.08201986457357302,-1,-1,-1,FCL,,0,0,0
2022-02-17,Indicator,MACD_Trend,Bearish,Bullish,Bearish,Neutral,Negative,-0.0192644658083323,-0.05633396954673564,-0.08201986457357302,-1,-1,-1,FCL,,1,1,1
2022-02-17,Indicator,CMF_State,Negative,Bullish,Bearish,Neutral,Negative,-0.0192644658083323,-0.05633396954673564,-0.08201986457357302,-1,-1,-1,FCL,,0,0,0
2022-02-18,Candlestick,CDL_INVERTED_HAMMER,Bullish,Bullish,Bearish,Neutral,Negative,-0.03779765537806923,-0.06398809523809523,-0.05595234462193077,-1,-1,-1,FCL,,0,0,0
2022-02-18,Indicator,EMA_Trend,Bullish,Bullish,Bearish,Neutral,Negative,-0.03779765537806923,-0.06398809523809523,-0.05595234462193077,-1,-1,-1,FCL,,0,0,0
2022-02-18,Indicator,MACD_Trend,Bearish,Bullish,Bearish,Neutral,Negative,-0.03779765537806923,-0.06398809523809523,-0.05595234462193077,-1,-1,-1,FCL,,1,1,1
2022-02-18,Indicator,CMF_State,Negative,Bullish,Bearish,Neutral,Negative,-0.03779765537806923,-0.06398809523809523,-0.05595234462193077,-1,-1,-1,FCL,,0,0,0
2022-02-21,Indicator,EMA_Trend,Bullish,Bullish,Bearish,Neutral,Negative,-0.02721926422899834,-0.0188678497255117,-0.1212495613038983,-1,-1,-1,FCL,,0,0,0
2022-02-21,Indicator,MACD_Trend,Bearish,Bullish,Bearish,Neutral,Negative,-0.02721926422899834,-0.0188678497255117,-0.1212495613038983,-1,-1,-1,FCL,,1,1,1
2022-02-21,Indicator,CMF_State,Negative,Bullish,Bearish,Neutral,Negative,-0.02721926422899834,-0.0188678497255117,-0.1212495613038983,-1,-1,-1,FCL,,0,0,0
2022-02-22,Indicator,EMA_Trend,Bullish,Bullish,Bearish,Neutral,Negative,0.008585094457969067,-0.09666134784255764,-0.03624799331155604,1,-1,-1,FCL,,1,0,0
2022-02-22,Indicator,MACD_Trend,Bearish,Bullish,Bearish,Neutral,Negative,0.008585094457969067,-0.09666134784255764,-0.03624799331155604,1,-1,-1,FCL,,0,1,1
2022-02-22,Indicator,CMF_State,Negative,Bullish,Bearish,Neutral,Negative,0.008585094457969067,-0.09666134784255764,-0.03624799331155604,1,-1,-1,FCL,,0,0,0
2022-02-23,Indicator,EMA_Trend,Bullish,Bullish,Bearish,Neutral,Negative,-0.10435058269137709,-0.04445146772035047,-0.0018915702409368906,-1,-1,-1,FCL,,0,0,0
2022-02-23,Indicator,MACD_Trend,Bearish,Bullish,Bearish,Neutral,Negative,-0.10435058269137709,-0.04445146772035047,-0.0018915702409368906,-1,-1,-1,FCL,,1,1,1
2022-02-23,Indicator,CMF_State,Negative,Bullish,Bearish,Neutral,Negative,-0.10435058269137709,-0.04445146772035047,-0.0018915702409368906,-1,-1,-1,FCL,,0,0,0
2022-02-24,Candlestick,CDL_EVENING_STAR,Bearish,Bullish,Bearish,Neutral,Negative,0.06687785847170002,0.11439633685948669,0.09890885427604323,1,1,1,FCL,,0,0,0
2022-02-24,Indicator,EMA_Trend,Bullish,Bullish,Bearish,Neutral,Negative,0.06687785847170002,0.11439633685948669,0.09890885427604323,1,1,1,FCL,,1,1,1
2022-02-24,Indicator,MACD_Trend,Bearish,Bullish,Bearish,Neutral,Negative,0.06687785847170002,0.11439633685948669,0.09890885427604323,1,1,1,FCL,,0,0,0
2022-02-24,Indicator,CMF_State,Negative,Bullish,Bearish,Neutral,Negative,0.06687785847170002,0.11439633685948669,0.09890885427604323,1,1,1,FCL,,0,0,0
2022-02-25,Indicator,EMA_Trend,Bullish,Bullish,Bearish,Neutral,Negative,0.04453975495925744,0.03002311422061732,0.016826149788244704,1,1,1,FCL,,1,1,1
2022-02-25,Indicator,MACD_Trend,Bearish,Bullish,Bearish,Neutral,Negative,0.04453975495925744,0.03002311422061732,0.016826149788244704,1,1,1,FCL,,0,0,0
2022-02-25,Indicator,CMF_State,Negative,Bullish,Bearish,Neutral,Negative,0.04453975495925744,0.03002311422061732,0.016826149788244704,1,1,1,FCL,,0,0,0
2022-02-28,Candlestick,CDL_BULLISH_ENGULFING,Bullish,Bullish,Bearish,Neutral,Negative,-0.013897643119582748,-0.02653188166312892,-0.0464308652041685,-1,-1,-1,FCL,,0,0,0
2022-02-28,Indicator,EMA_Trend,Bullish,Bullish,Bearish,Neutral,Negative,-0.013897643119582748,-0.02653188166312892,-0.0464308652041685,-1,-1,-1,FCL,,0,0,0
2022-02-28,Indicator,MACD_Trend,Bearish,Bullish,Bearish,Neutral,Negative,-0.013897643119582748,-0.02653188166312892,-0.0464308652041685,-1,-1,-1,FCL,,1,1,1
2022-02-28,Indicator,CMF_State,Negative,Bullish,Bearish,Neutral,Negative,-0.013897643119582748,-0.02653188166312892,-0.0464308652041685,-1,-1,-1,FCL,,0,0,0
2022-03-02,Candlestick,CDL_HARAMI,Bearish,Bullish,Bearish,Neutral,Negative,-0.012812299306854125,-0.03299172936520112,-0.05221017832548236,-1,-1,-1,FCL,,1,1,1
2022-03-02,Indicator,EMA_Trend,Bullish,Bullish,Bearish,Neutral,Negative,-0.012812299306854125,-0.03299172936520112,-0.05221017832548236,-1,-1,-1,FCL,,0,0,0
2022-03-02,Indicator,MACD_Trend,Bearish,Bullish,Bearish,Neutral,Negative,-0.012812299306854125,-0.03299172936520112,-0.05221017832548236,-1,-1,-1,FCL,,1,1,1
2022-03-02,Indicator,CMF_State,Negative,Bullish,Bearish,Neutral,Negative,-0.012812299306854125,-0.03299172936520112,-0.05221017832548236,-1,-1,-1,FCL,,0,0,0
2022-03-03,Indicator,EMA_Trend,Bullish,Bullish,Bearish,Neutral,Negative,-0.02044133050298158,-0.0399092077332055,-0.012329714990388263,-1,-1,-1,FCL,,0,0,0
2022-03-03,Indicator,MACD_Trend,Bearish,Bullish,Bearish,Neutral,Negative,-0.02044133050298158,-0.0399092077332055,-0.012329714990388263,-1,-1,-1,FCL,,1,1,1
2022-03-03,Indicator,CMF_State,Negative,Bullish,Bearish,Neutral,Negative,-0.02044133050298158,-0.0399092077332055,-0.012329714990388263,-1,-1,-1,FCL,,0,0,0
2022-03-04,Candlestick,CDL_INVERTED_HAMMER,Bullish,Bullish,Bearish,Neutral,Negative,-0.019874130908585808,0.008280887878577392,0.03411731871077328,-1,1,1,FCL,,0,1,1
2022-03-04,Indicator,EMA_Trend,Bullish,Bullish,Bearish,Neutral,Negative,-0.019874130908585808,0.008280887878577392,0.03411731871077328,-1,1,1,FCL,,0,1,1
2022-03-04,Indicator,MACD_Trend,Bearish,Bullish,Bearish,Neutral,Negative,-0.019874130908585808,0.008280887878577392,0.03411731871077328,-1,1,1,FCL,,1,0,0
2022-03-04,Indicator,CMF_State,Negative,Bullish,Bearish,Neutral,Negative,-0.019874130908585808,0.008280887878577392,0.03411731871077328,-1,1,1,FCL,,0,0,0
2022-03-07,Indicator,EMA_Trend,Bullish,Bullish,Bearish,Neutral,Negative,0.02872592151175768,0.05508624077988045,0.05981754840192166,1,1,1,FCL,,1,1,1
2022-03-07,Indicator,MACD_Trend,Bearish,Bullish,Bearish,Neutral,Negative,0.02872592151175768,0.05508624077988045,0.05981754840192166,1,1,1,FCL,,0,0,0
2022-03-07,Indicator,CMF_State,Negative,Bullish,Bearish,Neutral,Negative,0.02872592151175768,0.05508624077988045,0.05981754840192166,1,1,1,FCL,,0,0,0
2022-03-08,Indicator,EMA_Trend,Bullish,Bullish,Bearish,Neutral,Negative,0.025624239378925218,0.03022343098390423,0.030880401067553853,1,1,1,FCL,,1,1,1
2022-03-08,Indicator,MACD_Trend,Bearish,Bullish,Bearish,Neutral,Negative,0.025624239378925218,0.03022343098390423,0.030880401067553853,1,1,1,FCL,,0,0,0
2022-03-08,Indicator,CMF_State,Negative,Bullish,Bearish,Neutral,Negative,0.025624239378925218,0.03022343098390423,0.030880401067553853,1,1,1,FCL,,0,0,0
2022-03-09,Indicator,EMA_Trend,Bullish,Bullish,Bearish,Neutral,Negative,0.004484285207381644,0.005124841522672563,0.06598326323022974,1,1,1,FCL,,1,1,1
2022-03-09,Indicator,MACD_Trend,Bearish,Bullish,Bearish,Neutral,Negative,0.004484285207381644,0.005124841522672563,0.06598326323022974,1,1,1,FCL,,0,0,0
2022-03-09,Indicator,CMF_State,Negative,Bullish,Bearish,Neutral,Negative,0.004484285207381644,0.005124841522672563,0.06598326323022974,1,1,1,FCL,,0,0,0
2022-03-10,Indicator,EMA_Trend,Bullish,Bullish,Bearish,Neutral,Negative,0.0006376967014061208,0.06122443021609958,0.0299744697497919,1,1,1,FCL,,1,1,1
2022-03-10,Indicator,MACD_Trend,Bearish,Bullish,Bearish,Neutral,Negative,0.0006376967014061208,0.06122443021609958,0.0299744697497919,1,1,1,FCL,,0,0,0
2022-03-10,Indicator,CMF_State,Negative,Bullish,Bearish,Neutral,Negative,0.0006376967014061208,0.06122443021609958,0.0299744697497919,1,1,1,FCL,,0,0,0
2022-03-11,Indicator,EMA_Trend,Bullish,Bullish,Bearish,Neutral,Negative,0.060548122176905084,0.029318077007386645,0.030911448643621053,1,1,1,FCL,,1,1,1
2022-03-11,Indicator,MACD_Trend,Bearish,Bullish,Bearish,Neutral,Negative,0.060548122176905084,0.029318077007386645,0.030911448643621053,1,1,1,FCL,,0,0,0
2022-03-11,Indicator,CMF_State,Negative,Bullish,Bearish,Neutral,Negative,0.060548122176905084,0.029318077007386645,0.030911448643621053,1,1,1,FCL,,0,0,0
2022-03-14,Candlestick,CDL_BULLISH_ENGULFING,Bullish,Bullish,Bullish,Neutral,Negative,-0.02944707978494643,-0.027944675883684766,-0.01352163511135529,-1,-1,-1,FCL,,0,0,0
2022-03-14,Indicator,EMA_Trend,Bullish,Bullish,Bullish,Neutral,Negative,-0.02944707978494643,-0.027944675883684766,-0.01352163511135529,-1,-1,-1,FCL,,0,0,0
2022-03-14,Indicator,MACD_Trend,Bullish,Bullish,Bullish,Neutral,Negative,-0.02944707978494643,-0.027944675883684766,-0.01352163511135529,-1,-1,-1,FCL,,0,0,0
2022-03-14,Indicator,CMF_State,Negative,Bullish,Bullish,Neutral,Negative,-0.02944707978494643,-0.027944675883684766,-0.01352163511135529,-1,-1,-1,FCL,,0,0,0
2022-03-15,Indicator,EMA_Trend,Bullish,Bullish,Bullish,Neutral,Negative,0.001547987616099089,0.016408630937983837,0.019814222589734864,1,1,1,FCL,,1,1,1
2022-03-15,Indicator,MACD_Trend,Bullish,Bullish,Bullish,Neutral,Negative,0.001547987616099089,0.016408630937983837,0.019814222589734864,1,1,1,FCL,,1,1,1
2022-03-15,Indicator,CMF_State,Negative,Bullish,Bullish,Neutral,Negative,0.001547987616099089,0.016408630937983837,0.019814222589734864,1,1,1,FCL,,0,0,0
2022-03-16,Candlestick,CDL_HARAMI,Bullish,Bullish,Bullish,Neutral,Negative,0.014837674785065591,0.018238002771203687,0.01391035548686248,1,1,1,FCL,,1,1,1
2022-03-16,Indicator,EMA_Trend,Bullish,Bullish,Bullish,Neutral,Negative,0.014837674785065591,0.018238002771203687,0.01391035548686248,1,1,1,FCL,,1,1,1
2022-03-16,Indicator,MACD_Trend,Bullish,Bullish,Bullish,Neutral,Negative,0.014837674785065591,0.018238002771203687,0.01391035548686248,1,1,1,FCL,,1,1,1
2022-03-16,Indicator,CMF_State,Negative,Bullish,Bullish,Neutral,Negative,0.014837674785065591,0.018238002771203687,0.01391035548686248,1,1,1,FCL,,0,0,0
2022-03-17,Indicator,EMA_Trend,Bullish,Bullish,Bullish,Neutral,Negative,0.0033506126847901996,-0.0009137612065887035,0.014620830000072527,1,-1,1,FCL,,1,0,1
2022-03-17,Indicator,MACD_Trend,Bullish,Bullish,Bullish,Neutral,Negative,0.0033506126847901996,-0.0009137612065887035,0.014620830000072527,1,-1,1,FCL,,1,0,1
2022-03-17,Indicator,CMF_State,Negative,Bullish,Bullish,Neutral,Negative,0.0033506126847901996,-0.0009137612065887035,0.014620830000072527,1,-1,1,FCL,,0,0,0
2022-03-21,Indicator,EMA_Trend,Bullish,Bullish,Bullish,Neutral,Negative,-0.004250133340695572,0.011232581285942622,0.01001827070945227,-1,1,1,FCL,,0,1,1
2022-03-21,Indicator,MACD_Trend,Bullish,Bullish,Bullish,Neutral,Negative,-0.004250133340695572,0.011232581285942622,0.01001827070945227,-1,1,1,FCL,,0,1,1
2022-03-21,Indicator,CMF_State,Negative,Bullish,Bullish,Neutral,Negative,-0.004250133340695572,0.011232581285942622,0.01001827070945227,-1,1,1,FCL,,0,0,0
2022-03-22,Indicator,EMA_Trend,Bullish,Bullish,Bullish,Neutral,Negative,0.01554879909608431,0.014329305509241719,0.0030487804878047697,1,1,1,FCL,,1,1,1
2022-03-22,Indicator,MACD_Trend,Bullish,Bullish,Bullish,Neutral,Negative,0.01554879909608431,0.014329305509241719,0.0030487804878047697,1,1,1,FCL,,1,1,1
2022-03-22,Indicator,CMF_State,Negative,Bullish,Bullish,Neutral,Negative,0.01554879909608431,0.014329305509241719,0.0030487804878047697,1,1,1,FCL,,0,0,0
2022-03-23,Indicator,EMA_Trend,Bullish,Bullish,Bullish,Neutral,Negative,-0.0012008222430355264,-0.01230863412905936,-0.0345241662842426,-1,-1,-1,FCL,,0,0,0
2022-03-23,Indicator,MACD_Trend,Bullish,Bullish,Bullish,Neutral,Negative,-0.0012008222430355264,-0.01230863412905936,-0.0345241662842426,-1,-1,-1,FCL,,0,0,0
2022-03-23,Indicator,CMF_State,Negative,Bullish,Bullish,Neutral,Negative,-0.0012008222430355264,-0.01230863412905936,-0.0345241662842426,-1,-1,-1,FCL,,0,0,0
2022-03-24,Indicator,EMA_Trend,Bullish,Bullish,Bullish,Neutral,Negative,-0.011121166430041574,-0.03336340756311229,0.04207995036467915,-1,-1,1,FCL,,0,0,1
2022-03-24,Indicator,MACD_Trend,Bullish,Bullish,Bullish,Neutral,Negative,-0.011121166430041574,-0.03336340756311229,0.04207995036467915,-1,-1,1,FCL,,0,0,1
2022-03-24,Indicator,CMF_State,Negative,Bullish,Bullish,Neutral,Negative,-0.011121166430041574,-0.03336340756311229,0.04207995036467915,-1,-1,1,FCL,,0,0,0
2022-03-25,Indicator,EMA_Trend,Bullish,Bullish,Bullish,Neutral,Negative,-0.022492382664086263,0.05379942920070291,0.04133740456995638,-1,1,1,FCL,,0,1,1
2022-03-25,Indicator,MACD_Trend,Bullish,Bullish,Bullish,Neutral,Negative,-0.022492382664086263,0.05379942920070291,0.04133740456995638,-1,1,1,FCL,,0,1,1
2022-03-25,Indicator,CMF_State,Negative,Bullish,Bullish,Neutral,Negative,-0.022492382664086263,0.05379942920070291,0.04133740456995638,-1,1,1,FCL,,0,0,0
2022-03-28,Indicator,EMA_Trend,Bullish,Bullish,Bullish,Neutral,Negative,0.07804728117895787,0.06529850622341282,0.12375617859956778,1,1,1,FCL,,1,1,1
2022-03-28,Indicator,MACD_Trend,Bullish,Bullish,Bullish,Neutral,Negative,0.07804728117895787,0.06529850622341282,0.12375617859956778,1,1,1,FCL,,1,1,1
2022-03-28,Indicator,CMF_State,Negative,Bullish,Bullish,Neutral,Negative,0.07804728117895787,0.06529850622341282,0.12375617859956778,1,1,1,FCL,,0,0,0
2022-03-29,Indicator,EMA_Trend,Bullish,Bullish,Bullish,Neutral,Negative,-0.01182580317034232,0.042399714946289135,0.08624168688701883,-1,1,1,FCL,,0,1,1
2022-03-29,Indicator,MACD_Trend,Bullish,Bullish,Bullish,Neutral,Negative,-0.01182580317034232,0.042399714946289135,0.08624168688701883,-1,1,1,FCL,,0,1,1
2022-03-29,Indicator,CMF_State,Negative,Bullish,Bullish,Neutral,Negative,-0.01182580317034232,0.042399714946289135,0.08624168688701883,-1,1,1,FCL,,0,0,0
2022-03-30,Indicator,EMA_Trend,Bullish,Bullish,Bullish,Neutral,Negative,0.05487445259206569,0.09924109572177597,0.11558670577358532,1,1,1,FCL,,1,1,1
2022-03-30,Indicator,MACD_Trend,Bullish,Bullish,Bullish,Neutral,Negative,0.05487445259206569,0.09924109572177597,0.11558670577358532,1,1,1,FCL,,1,1,1
2022-03-30,Indicator,CMF_State,Negative,Bullish,Bullish,Neutral,Negative,0.05487445259206569,0.09924109572177597,0.11558670577358532,1,1,1,FCL,,0,0,0
2022-03-31,Indicator,EMA_Trend,Bullish,Bullish,Bullish,Neutral,Negative,0.04205869525107131,0.05755400847213221,0.05395683544362595,1,1,1,FCL,,1,1,1
2022-03-31,Indicator,MACD_Trend,Bullish,Bullish,Bullish,Neutral,Negative,0.04205869525107131,0.05755400847213221,0.05395683544362595,1,1,1,FCL,,1,1,1
2022-03-31,Indicator,CMF_State,Negative,Bullish,Bullish,Neutral,Negative,0.04205869525107131,0.05755400847213221,0.05395683544362595,1,1,1,FCL,,0,0,0
2022-04-01,Indicator,EMA_Trend,Bullish,Bullish,Bullish,Neutral,Negative,0.014869904441733528,0.011417917480826656,0.014869904441733528,1,1,1,FCL,,1,1,1
2022-04-01,Indicator,MACD_Trend,Bullish,Bullish,Bullish,Neutral,Negative,0.014869904441733528,0.011417917480826656,0.014869904441733528,1,1,1,FCL,,1,1,1
2022-04-01,Indicator,CMF_State,Negative,Bullish,Bullish,Neutral,Negative,0.014869904441733528,0.011417917480826656,0.014869904441733528,1,1,1,FCL,,0,0,0
2022-04-04,Indicator,EMA_Trend,Bullish,Bullish,Bullish,Overbought,Negative,-0.0034014083438663745,0.0,-0.004447964816155836,-1,0,-1,FCL,,0,0,0
2022-04-04,Indicator,MACD_Trend,Bullish,Bullish,Bullish,Overbought,Negative,-0.0034014083438663745,0.0,-0.004447964816155836,-1,0,-1,FCL,,0,0,0
2022-04-04,Indicator,RSI_State,Overbought,Bullish,Bullish,Overbought,Negative,-0.0034014083438663745,0.0,-0.004447964816155836,-1,0,-1,FCL,,0,0,0
2022-04-04,Indicator,CMF_State,Negative,Bullish,Bullish,Overbought,Negative,-0.0034014083438663745,0.0,-0.004447964816155836,-1,0,-1,FCL,,0,0,0
2022-04-05,Indicator,EMA_Trend,Bullish,Bullish,Bullish,Overbought,Negative,0.0034130174097617427,-0.0010501283877496492,0.00918876360221521,1,-1,1,FCL,,1,0,1
2022-04-05,Indicator,MACD_Trend,Bullish,Bullish,Bullish,Overbought,Negative,0.0034130174097617427,-0.0010501283877496492,0.00918876360221521,1,-1,1,FCL,,1,0,1
2022-04-05,Indicator,RSI_State,Overbought,Bullish,Bullish,Overbought,Negative,0.0034130174097617427,-0.0010501283877496492,0.00918876360221521,1,-1,1,FCL,,0,0,0
2022-04-05,Indicator,CMF_State,Negative,Bullish,Bullish,Overbought,Negative,0.0034130174097617427,-0.0010501283877496492,0.00918876360221521,1,-1,1,FCL,,0,0,0
2022-04-06,Indicator,EMA_Trend,Bullish,Bullish,Bullish,Overbought,Negative,-0.004447964816155836,0.005756100521162377,0.03296696803639154,-1,1,1,FCL,,0,1,1
2022-04-06,Indicator,MACD_Trend,Bullish,Bullish,Bullish,Overbought,Negative,-0.004447964816155836,0.005756100521162377,0.03296696803639154,-1,1,1,FCL,,0,1,1
2022-04-06,Indicator,RSI_State,Overbought,Bullish,Bullish,Overbought,Negative,-0.004447964816155836,0.005756100521162377,0.03296696803639154,-1,1,1,FCL,,0,0,0
2022-04-06,Indicator,CMF_State,Negative,Bullish,Bullish,Overbought,Negative,-0.004447964816155836,0.005756100521162377,0.03296696803639154,-1,1,1,FCL,,0,0,0
2022-04-07,Candlestick,CDL_BULLISH_ENGULFING,Bearish,Bullish,Bullish,Neutral,Negative,0.010249655444111383,0.037582096696370026,0.07385021314984397,1,1,1,FCL,,0,0,0
2022-04-07,Indicator,EMA_Trend,Bullish,Bullish,Bullish,Neutral,Negative,0.010249655444111383,0.037582096696370026,0.07385021314984397,1,1,1,FCL,,1,1,1
2022-04-07,Indicator,MACD_Trend,Bullish,Bullish,Bullish,Neutral,Negative,0.010249655444111383,0.037582096696370026,0.07385021314984397,1,1,1,FCL,,1,1,1
2022-04-07,Indicator,CMF_State,Negative,Bullish,Bullish,Neutral,Negative,0.010249655444111383,0.037582096696370026,0.07385021314984397,1,1,1,FCL,,0,0,0
2022-04-08,Indicator,EMA_Trend,Bullish,Bullish,Bullish,Overbought,Negative,0.02705513543604554,0.06295528769843872,0.06867844515001154,1,1,1,FCL,,1,1,1
2022-04-08,Indicator,MACD_Trend,Bullish,Bullish,Bullish,Overbought,Negative,0.02705513543604554,0.06295528769843872,0.06867844515001154,1,1,1,FCL,,1,1,1
2022-04-08,Indicator,RSI_State,Overbought,Bullish,Bullish,Overbought,Negative,0.02705513543604554,0.06295528769843872,0.06867844515001154,1,1,1,FCL,,0,0,0
2022-04-08,Indicator,CMF_State,Negative,Bullish,Bullish,Overbought,Negative,0.02705513543604554,0.06295528769843872,0.06867844515001154,1,1,1,FCL,,0,0,0
2022-04-11,Indicator,EMA_Trend,Bullish,Bullish,Bullish,Overbought,Negative,0.034954454754906106,0.04052685029055847,0.09118541315375683,1,1,1,FCL,,1,1,1
2022-04-11,Indicator,MACD_Trend,Bullish,Bullish,Bullish,Overbought,Negative,0.034954454754906106,0.04052685029055847,0.09118541315375683,1,1,1,FCL,,1,1,1
2022-04-11,Indicator,RSI_State,Overbought,Bullish,Bullish,Overbought,Negative,0.034954454754906106,0.04052685029055847,0.09118541315375683,1,1,1,FCL,,0,0,0
2022-04-11,Indicator,CMF_State,Negative,Bullish,Bullish,Overbought,Negative,0.034954454754906106,0.04052685029055847,0.09118541315375683,1,1,1,FCL,,0,0,0
2022-04-12,Indicator,EMA_Trend,Bullish,Bullish,Bullish,Overbought,Negative,0.005384193971098128,0.05433181928007369,0.04723442854790183,1,1,1,FCL,,1,1,1
2022-04-12,Indicator,MACD_Trend,Bullish,Bullish,Bullish,Overbought,Negative,0.005384193971098128,0.05433181928007369,0.04723442854790183,1,1,1,FCL,,1,1,1
2022-04-12,Indicator,RSI_State,Overbought,Bullish,Bullish,Overbought,Negative,0.005384193971098128,0.05433181928007369,0.04723442854790183,1,1,1,FCL,,0,0,0
2022-04-12,Indicator,CMF_State,Negative,Bullish,Bullish,Overbought,Negative,0.005384193971098128,0.05433181928007369,0.04723442854790183,1,1,1,FCL,,0,0,0
2022-04-13,Indicator,EMA_Trend,Bullish,Bullish,Bullish,Overbought,Negative,0.04868549317016879,0.04162611151812756,0.09493671168182916,1,1,1,FCL,,1,1,1
2022-04-13,Indicator,MACD_Trend,Bullish,Bullish,Bullish,Overbought,Negative,0.04868549317016879,0.04162611151812756,0.09493671168182916,1,1,1,FCL,,1,1,1
2022-04-13,Indicator,RSI_State,Overbought,Bullish,Bullish,Overbought,Negative,0.04868549317016879,0.04162611151812756,0.09493671168182916,1,1,1,FCL,,0,0,0
2022-04-13,Indicator,CMF_State,Negative,Bullish,Bullish,Overbought,Negative,0.04868549317016879,0.04162611151812756,0.09493671168182916,1,1,1,FCL,,0,0,0
2022-04-18,Candlestick,CDL_BULLISH_ENGULFING,Bullish,Bullish,Bullish,Overbought,Negative,-0.006731648047023864,0.044103993821677845,0.015784629766087077,-1,1,1,FCL,,0,1,1
2022-04-18,Indicator,EMA_Trend,Bullish,Bullish,Bullish,Overbought,Negative,-0.006731648047023864,0.044103993821677845,0.015784629766087077,-1,1,1,FCL,,0,1,1
2022-04-18,Indicator,MACD_Trend,Bullish,Bullish,Bullish,Overbought,Negative,-0.006731648047023864,0.044103993821677845,0.015784629766087077,-1,1,1,FCL,,0,1,1
2022-04-18,Indicator,RSI_State,Overbought,Bullish,Bullish,Overbought,Negative,-0.006731648047023864,0.044103993821677845,0.015784629766087077,-1,1,1,FCL,,0,0,0
2022-04-18,Indicator,CMF_State,Negative,Bullish,Bullish,Overbought,Negative,-0.006731648047023864,0.044103993821677845,0.015784629766087077,-1,1,1,FCL,,0,0,0
2022-04-19,Indicator,EMA_Trend,Bullish,Bullish,Bullish,Overbought,Negative,0.05118016875172571,0.02266887671276252,0.03996262291990682,1,1,1,FCL,,1,1,1
2022-04-19,Indicator,MACD_Trend,Bullish,Bullish,Bullish,Overbought,Negative,0.05118016875172571,0.02266887671276252,0.03996262291990682,1,1,1,FCL,,1,1,1
2022-04-19,Indicator,RSI_State,Overbought,Bullish,Bullish,Overbought,Negative,0.05118016875172571,0.02266887671276252,0.03996262291990682,1,1,1,FCL,,0,0,0
2022-04-19,Indicator,CMF_State,Negative,Bullish,Bullish,Overbought,Negative,0.05118016875172571,0.02266887671276252,0.03996262291990682,1,1,1,FCL,,0,0,0
2022-04-20,Indicator,EMA_Trend,Bullish,Bullish,Bullish,Overbought,Negative,-0.027123125879382037,-0.010671382666150975,-0.06803018322895549,-1,-1,-1,FCL,,0,0,0
2022-04-20,Indicator,MACD_Trend,Bullish,Bullish,Bullish,Overbought,Negative,-0.027123125879382037,-0.010671382666150975,-0.06803018322895549,-1,-1,-1,FCL,,0,0,0
2022-04-20,Indicator,RSI_State,Overbought,Bullish,Bullish,Overbought,Negative,-0.027123125879382037,-0.010671382666150975,-0.06803018322895549,-1,-1,-1,FCL,,0,0,0
2022-04-20,Indicator,CMF_State,Negative,Bullish,Bullish,Overbought,Negative,-0.027123125879382037,-0.010671382666150975,-0.06803018322895549,-1,-1,-1,FCL,,0,0,0
2022-04-21,Indicator,EMA_Trend,Bullish,Bullish,Bullish,Overbought,Negative,0.016910406291753777,-0.042047517458516315,-0.09506399799655174,1,-1,-1,FCL,,1,0,0
2022-04-21,Indicator,MACD_Trend,Bullish,Bullish,Bullish,Overbought,Negative,0.016910406291753777,-0.042047517458516315,-0.09506399799655174,1,-1,-1,FCL,,1,0,0
2022-04-21,Indicator,RSI_State,Overbought,Bullish,Bullish,Overbought,Negative,0.016910406291753777,-0.042047517458516315,-0.09506399799655174,1,-1,-1,FCL,,0,0,0
2022-04-21,Indicator,CMF_State,Negative,Bullish,Bullish,Overbought,Negative,0.016910406291753777,-0.042047517458516315,-0.09506399799655174,1,-1,-1,FCL,,0,0,0
2022-04-22,Indicator,EMA_Trend,Bullish,Bullish,Bullish,Overbought,Negative,-0.05797750065835683,-0.11011235955056176,-0.06382021100333568,-1,-1,-1,FCL,,0,0,0
2022-04-22,Indicator,MACD_Trend,Bullish,Bullish,Bullish,Overbought,Negative,-0.05797750065835683,-0.11011235955056176,-0.06382021100333568,-1,-1,-1,FCL,,0,0,0
2022-04-22,Indicator,RSI_State,Overbought,Bullish,Bullish,Overbought,Negative,-0.05797750065835683,-0.11011235955056176,-0.06382021100333568,-1,-1,-1,FCL,,0,0,0
2022-04-22,Indicator,CMF_State,Negative,Bullish,Bullish,Overbought,Negative,-0.05797750065835683,-0.11011235955056176,-0.06382021100333568,-1,-1,-1,FCL,,0,0,0
2022-04-25,Indicator,EMA_Trend,Bullish,Bullish,Bullish,Neutral,Negative,-0.05534353895861377,-0.006202304455638963,-0.012881737253851666,-1,-1,-1,FCL,,0,0,0
2022-04-25,Indicator,MACD_Trend,Bullish,Bullish,Bullish,Neutral,Negative,-0.05534353895861377,-0.006202304455638963,-0.012881737253851666,-1,-1,-1,FCL,,0,0,0
2022-04-25,Indicator,CMF_State,Negative,Bullish,Bullish,Neutral,Negative,-0.05534353895861377,-0.006202304455638963,-0.012881737253851666,-1,-1,-1,FCL,,0,0,0
2022-04-26,Indicator,EMA_Trend,Bullish,Bullish,Bearish,Neutral,Negative,0.05202021743312035,0.04494946412365852,-0.022979813392716264,1,1,-1,FCL,,1,1,0
2022-04-26,Indicator,MACD_Trend,Bearish,Bullish,Bearish,Neutral,Negative,0.05202021743312035,0.04494946412365852,-0.022979813392716264,1,1,-1,FCL,,0,0,1
2022-04-26,Indicator,CMF_State,Negative,Bullish,Bearish,Neutral,Negative,0.05202021743312035,0.04494946412365852,-0.022979813392716264,1,1,-1,FCL,,0,0,0
2022-04-27,Candlestick,CDL_PIERCING,Bullish,Bullish,Bearish,Neutral,Negative,-0.0067211192259346575,-0.07129143488214806,-0.07441190481475224,-1,-1,-1,FCL,,0,0,0
2022-04-27,Indicator,EMA_Trend,Bullish,Bullish,Bearish,Neutral,Negative,-0.0067211192259346575,-0.07129143488214806,-0.07441190481475224,-1,-1,-1,FCL,,0,0,0
2022-04-27,Indicator,MACD_Trend,Bearish,Bullish,Bearish,Neutral,Negative,-0.0067211192259346575,-0.07129143488214806,-0.07441190481475224,-1,-1,-1,FCL,,1,1,1
2022-04-27,Indicator,CMF_State,Negative,Bullish,Bearish,Neutral,Negative,-0.0067211192259346575,-0.07129143488214806,-0.07441190481475224,-1,-1,-1,FCL,,0,0,0
2022-04-28,Indicator,EMA_Trend,Bullish,Bullish,Bearish,Neutral,Negative,-0.06500723704695455,-0.06814882194622518,-0.1285644834674815,-1,-1,-1,FCL,,0,0,0
2022-04-28,Indicator,MACD_Trend,Bearish,Bullish,Bearish,Neutral,Negative,-0.06500723704695455,-0.06814882194622518,-0.1285644834674815,-1,-1,-1,FCL,,1,1,1
2022-04-28,Indicator,CMF_State,Negative,Bullish,Bearish,Neutral,Negative,-0.06500723704695455,-0.06814882194622518,-0.1285644834674815,-1,-1,-1,FCL,,0,0,0
2022-04-29,Indicator,EMA_Trend,Bullish,Bullish,Bearish,Neutral,Negative,-0.0033600098564916525,-0.06797619076728478,-0.028948001721731065,-1,-1,-1,FCL,,0,0,0
2022-04-29,Indicator,MACD_Trend,Bearish,Bullish,Bearish,Neutral,Negative,-0.0033600098564916525,-0.06797619076728478,-0.028948001721731065,-1,-1,-1,FCL,,1,1,1
2022-04-29,Indicator,CMF_State,Negative,Bullish,Bearish,Neutral,Negative,-0.0033600098564916525,-0.06797619076728478,-0.028948001721731065,-1,-1,-1,FCL,,0,0,0
2022-05-02,Indicator,EMA_Trend,Bullish,Bullish,Bearish,Neutral,Negative,-0.06483402387003245,-0.025674257623913843,-0.0451244647849236,-1,-1,-1,FCL,,0,0,0
2022-05-02,Indicator,MACD_Trend,Bearish,Bullish,Bearish,Neutral,Negative,-0.06483402387003245,-0.025674257623913843,-0.0451244647849236,-1,-1,-1,FCL,,1,1,1
2022-05-02,Indicator,CMF_State,Negative,Bullish,Bearish,Neutral,Negative,-0.06483402387003245,-0.025674257623913843,-0.0451244647849236,-1,-1,-1,FCL,,0,0,0
2022-05-04,Candlestick,CDL_BULLISH_ENGULFING,Bearish,Bullish,Bearish,Neutral,Negative,0.04187466957274788,0.021076001039594727,-0.0385468487554439,1,1,-1,FCL,,0,0,1
2022-05-04,Indicator,EMA_Trend,Bullish,Bullish,Bearish,Neutral,Negative,0.04187466957274788,0.021076001039594727,-0.0385468487554439,1,1,-1,FCL,,1,1,0
2022-05-04,Indicator,MACD_Trend,Bearish,Bullish,Bearish,Neutral,Negative,0.04187466957274788,0.021076001039594727,-0.0385468487554439,1,1,-1,FCL,,0,0,1
2022-05-04,Indicator,CMF_State,Negative,Bullish,Bearish,Neutral,Negative,0.04187466957274788,0.021076001039594727,-0.0385468487554439,1,1,-1,FCL,,0,0,0
2022-05-05,Candlestick,CDL_HARAMI,Bullish,Bullish,Bearish,Neutral,Negative,-0.01996273557709416,-0.07718924423143048,-0.11551776152231441,-1,-1,-1,FCL,,0,0,0
2022-05-05,Indicator,EMA_Trend,Bullish,Bullish,Bearish,Neutral,Negative,-0.01996273557709416,-0.07718924423143048,-0.11551776152231441,-1,-1,-1,FCL,,0,0,0
2022-05-05,Indicator,MACD_Trend,Bearish,Bullish,Bearish,Neutral,Negative,-0.01996273557709416,-0.07718924423143048,-0.11551776152231441,-1,-1,-1,FCL,,1,1,1
2022-05-05,Indicator,CMF_State,Negative,Bullish,Bearish,Neutral,Negative,-0.01996273557709416,-0.07718924423143048,-0.11551776152231441,-1,-1,-1,FCL,,0,0,0
2022-05-06,Indicator,EMA_Trend,Bullish,Bullish,Bearish,Neutral,Negative,-0.05839217622814996,-0.09750142103166637,-0.15209124971053045,-1,-1,-1,FCL,,0,0,0
2022-05-06,Indicator,MACD_Trend,Bearish,Bullish,Bearish,Neutral,Negative,-0.05839217622814996,-0.09750142103166637,-0.15209124971053045,-1,-1,-1,FCL,,1,1,1
2022-05-06,Indicator,CMF_State,Negative,Bullish,Bearish,Neutral,Negative,-0.05839217622814996,-0.09750142103166637,-0.15209124971053045,-1,-1,-1,FCL,,0,0,0
2022-05-09,Indicator,EMA_Trend,Bullish,Bullish,Bearish,Neutral,Negative,-0.04153453679564212,-0.09950965902879283,-0.09604850631116169,-1,-1,-1,FCL,,0,0,0
2022-05-09,Indicator,MACD_Trend,Bearish,Bullish,Bearish,Neutral,Negative,-0.04153453679564212,-0.09950965902879283,-0.09604850631116169,-1,-1,-1,FCL,,1,1,1
2022-05-09,Indicator,CMF_State,Negative,Bullish,Bearish,Neutral,Negative,-0.04153453679564212,-0.09950965902879283,-0.09604850631116169,-1,-1,-1,FCL,,0,0,0
2022-05-10,Indicator,EMA_Trend,Bullish,Bullish,Bearish,Neutral,Negative,-0.06048744003704354,-0.056876300303265626,-0.025579296756687575,-1,-1,-1,FCL,,0,0,0
2022-05-10,Indicator,MACD_Trend,Bearish,Bullish,Bearish,Neutral,Negative,-0.06048744003704354,-0.056876300303265626,-0.025579296756687575,-1,-1,-1,FCL,,1,1,1
2022-05-10,Indicator,CMF_State,Negative,Bullish,Bearish,Neutral,Negative,-0.06048744003704354,-0.056876300303265626,-0.025579296756687575,-1,-1,-1,FCL,,0,0,0
2022-05-11,Indicator,EMA_Trend,Bullish,Bullish,Bearish,Neutral,Negative,0.0038436311420044778,0.03715558978980793,0.0749519313950795,1,1,1,FCL,,1,1,1
2022-05-11,Indicator,MACD_Trend,Bearish,Bullish,Bearish,Neutral,Negative,0.0038436311420044778,0.03715558978980793,0.0749519313950795,1,1,1,FCL,,0,0,0
2022-05-11,Indicator,CMF_State,Negative,Bullish,Bearish,Neutral,Negative,0.0038436311420044778,0.03715558978980793,0.0749519313950795,1,1,1,FCL,,0,0,0
2022-05-12,Candlestick,CDL_HARAMI,Bullish,Bullish,Bearish,Neutral,Negative,0.03318441001603678,0.07083603267192107,0.1515635000799942,1,1,1,FCL,,1,1,1
2022-05-12,Indicator,EMA_Trend,Bullish,Bullish,Bearish,Neutral,Negative,0.03318441001603678,0.07083603267192107,0.1515635000799942,1,1,1,FCL,,1,1,1
2022-05-12,Indicator,MACD_Trend,Bearish,Bullish,Bearish,Neutral,Negative,0.03318441001603678,0.07083603267192107,0.1515635000799942,1,1,1,FCL,,0,0,0
2022-05-12,Indicator,CMF_State,Negative,Bullish,Bearish,Neutral,Negative,0.03318441001603678,0.07083603267192107,0.1515635000799942,1,1,1,FCL,,0,0,0
2022-05-13,Indicator,EMA_Trend,Bullish,Bullish,Bearish,Neutral,Negative,0.036442306224210075,0.11457692248968399,0.1408276955608514,1,1,1,FCL,,1,1,1
2022-05-13,Indicator,MACD_Trend,Bearish,Bullish,Bearish,Neutral,Negative,0.036442306224210075,0.11457692248968399,0.1408276955608514,1,1,1,FCL,,0,0,0
2022-05-13,Indicator,CMF_State,Negative,Bullish,Bearish,Neutral,Negative,0.036442306224210075,0.11457692248968399,0.1408276955608514,1,1,1,FCL,,0,0,0
2022-05-16,Indicator,EMA_Trend,Bullish,Bullish,Bearish,Neutral,Negative,0.07538732816698746,0.10071509886249275,0.0494636644863331,1,1,1,FCL,,1,1,1
2022-05-16,Indicator,MACD_Trend,Bearish,Bullish,Bearish,Neutral,Negative,0.07538732816698746,0.10071509886249275,0.0494636644863331,1,1,1,FCL,,0,0,0
2022-05-16,Indicator,CMF_State,Negative,Bullish,Bearish,Neutral,Negative,0.07538732816698746,0.10071509886249275,0.0494636644863331,1,1,1,FCL,,0,0,0
2022-05-17,Indicator,EMA_Trend,Bullish,Bullish,Bearish,Neutral,Negative,0.02355223093308778,-0.02410635033689834,0.0019396293124682717,1,-1,1,FCL,,1,0,1
2022-05-17,Indicator,MACD_Trend,Bearish,Bullish,Bearish,Neutral,Negative,0.02355223093308778,-0.02410635033689834,0.0019396293124682717,1,-1,1,FCL,,0,1,0
2022-05-17,Indicator,CMF_State,Negative,Bullish,Bearish,Neutral,Negative,0.02355223093308778,-0.02410635033689834,0.0019396293124682717,1,-1,1,FCL,,0,0,0
2022-05-18,Indicator,EMA_Trend,Bullish,Bullish,Bearish,Neutral,Negative,-0.04656194362112798,-0.02111528944733687,-0.020573920490224218,-1,-1,-1,FCL,,0,0,0
2022-05-18,Indicator,MACD_Trend,Bearish,Bullish,Bearish,Neutral,Negative,-0.04656194362112798,-0.02111528944733687,-0.020573920490224218,-1,-1,-1,FCL,,1,1,1
2022-05-18,Indicator,CMF_State,Negative,Bullish,Bearish,Neutral,Negative,-0.04656194362112798,-0.02111528944733687,-0.020573920490224218,-1,-1,-1,FCL,,0,0,0
2022-05-19,Indicator,EMA_Trend,Bullish,Bullish,Bearish,Neutral,Negative,0.026689362778780534,0.027257169940966497,0.024417874184746724,1,1,1,FCL,,1,1,1
2022-05-19,Indicator,MACD_Trend,Bearish,Bullish,Bearish,Neutral,Negative,0.026689362778780534,0.027257169940966497,0.024417874184746724,1,1,1,FCL,,0,0,0
2022-05-19,Indicator,CMF_State,Negative,Bullish,Bearish,Neutral,Negative,0.026689362778780534,0.027257169940966497,0.024417874184746724,1,1,1,FCL,,0,0,0
2022-05-20,Candlestick,CDL_SHOOTING_STAR,Bearish,Bullish,Bearish,Neutral,Negative,0.000553046698223536,-0.0022124399807609274,-0.04480091795793184,1,-1,-1,FCL,,0,1,1
2022-05-20,Indicator,EMA_Trend,Bullish,Bullish,Bearish,Neutral,Negative,0.000553046698223536,-0.0022124399807609274,-0.04480091795793184,1,-1,-1,FCL,,1,0,0
2022-05-20,Indicator,MACD_Trend,Bearish,Bullish,Bearish,Neutral,Negative,0.000553046698223536,-0.0022124399807609274,-0.04480091795793184,1,-1,-1,FCL,,0,1,1
2022-05-20,Indicator,CMF_State,Negative,Bullish,Bearish,Neutral,Negative,0.000553046698223536,-0.0022124399807609274,-0.04480091795793184,1,-1,-1,FCL,,0,0,0
2022-05-23,Candlestick,CDL_HAMMER,Bullish,Bullish,Bullish,Neutral,Negative,-0.0027639580810937536,-0.045328895660076474,-0.035102217020306914,-1,-1,-1,FCL,,0,0,0
2022-05-23,Indicator,EMA_Trend,Bullish,Bullish,Bullish,Neutral,Negative,-0.0027639580810937536,-0.045328895660076474,-0.035102217020306914,-1,-1,-1,FCL,,0,0,0
2022-05-23,Indicator,MACD_Trend,Bullish,Bullish,Bullish,Neutral,Negative,-0.0027639580810937536,-0.045328895660076474,-0.035102217020306914,-1,-1,-1,FCL,,0,0,0
2022-05-23,Indicator,CMF_State,Negative,Bullish,Bullish,Neutral,Negative,-0.0027639580810937536,-0.045328895660076474,-0.035102217020306914,-1,-1,-1,FCL,,0,0,0
2022-05-24,Indicator,EMA_Trend,Bullish,Bullish,Bullish,Neutral,Negative,-0.04268291135675184,-0.03242788826303056,-0.013303736018203782,-1,-1,-1,FCL,,0,0,0
2022-05-24,Indicator,MACD_Trend,Bullish,Bullish,Bullish,Neutral,Negative,-0.04268291135675184,-0.03242788826303056,-0.013303736018203782,-1,-1,-1,FCL,,0,0,0
2022-05-24,Indicator,CMF_State,Negative,Bullish,Bullish,Neutral,Negative,-0.04268291135675184,-0.03242788826303056,-0.013303736018203782,-1,-1,-1,FCL,,0,0,0
2022-05-25,Indicator,EMA_Trend,Bullish,Bullish,Bullish,Neutral,Negative,0.010712253249605341,0.030689074379927295,0.07180086493568183,1,1,1,FCL,,1,1,1
2022-05-25,Indicator,MACD_Trend,Bullish,Bullish,Bullish,Neutral,Negative,0.010712253249605341,0.030689074379927295,0.07180086493568183,1,1,1,FCL,,1,1,1
2022-05-25,Indicator,CMF_State,Negative,Bullish,Bullish,Neutral,Negative,0.010712253249605341,0.030689074379927295,0.07180086493568183,1,1,1,FCL,,0,0,0
2022-05-26,Candlestick,CDL_HARAMI,Bullish,Bullish,Bullish,Neutral,Negative,0.01976509245444813,0.06044115077230616,0.040962439252230975,1,1,1,FCL,,1,1,1
2022-05-26,Candlestick,CDL_HARAMI_CROSS,Bullish,Bullish,Bullish,Neutral,Negative,0.01976509245444813,0.06044115077230616,0.040962439252230975,1,1,1,FCL,,1,1,1
2022-05-26,Indicator,EMA_Trend,Bullish,Bullish,Bullish,Neutral,Negative,0.01976509245444813,0.06044115077230616,0.040962439252230975,1,1,1,FCL,,1,1,1
2022-05-26,Indicator,MACD_Trend,Bullish,Bullish,Bullish,Neutral,Negative,0.01976509245444813,0.06044115077230616,0.040962439252230975,1,1,1,FCL,,1,1,1
2022-05-26,Indicator,CMF_State,Negative,Bullish,Bullish,Neutral,Negative,0.01976509245444813,0.06044115077230616,0.040962439252230975,1,1,1,FCL,,0,0,0
2022-05-27,Indicator,EMA_Trend,Bullish,Bullish,Bullish,Neutral,Negative,0.039887674738851686,0.020786499709225748,0.02331457245215951,1,1,1,FCL,,1,1,1
2022-05-27,Indicator,MACD_Trend,Bullish,Bullish,Bullish,Neutral,Negative,0.039887674738851686,0.020786499709225748,0.02331457245215951,1,1,1,FCL,,1,1,1
2022-05-27,Indicator,CMF_State,Negative,Bullish,Bullish,Neutral,Negative,0.039887674738851686,0.020786499709225748,0.02331457245215951,1,1,1,FCL,,0,0,0
2022-05-30,Indicator,EMA_Trend,Bullish,Bullish,Bullish,Neutral,Negative,-0.018368498342306805,-0.015937396595121833,-0.03187471075486559,-1,-1,-1,FCL,,0,0,0
2022-05-30,Indicator,MACD_Trend,Bullish,Bullish,Bullish,Neutral,Negative,-0.018368498342306805,-0.015937396595121833,-0.03187471075486559,-1,-1,-1,FCL,,0,0,0
2022-05-30,Indicator,CMF_State,Negative,Bullish,Bullish,Neutral,Negative,-0.018368498342306805,-0.015937396595121833,-0.03187471075486559,-1,-1,-1,FCL,,0,0,0
2022-05-31,Candlestick,CDL_HARAMI,Bearish,Bullish,Bullish,Neutral,Negative,0.002476593042378461,-0.013758943544243007,-0.008530561793015923,1,-1,-1,FCL,,0,1,1
2022-05-31,Indicator,EMA_Trend,Bullish,Bullish,Bullish,Neutral,Negative,0.002476593042378461,-0.013758943544243007,-0.008530561793015923,1,-1,-1,FCL,,1,0,0
2022-05-31,Indicator,MACD_Trend,Bullish,Bullish,Bullish,Neutral,Negative,0.002476593042378461,-0.013758943544243007,-0.008530561793015923,1,-1,-1,FCL,,1,0,0
2022-05-31,Indicator,CMF_State,Negative,Bullish,Bullish,Neutral,Negative,0.002476593042378461,-0.013758943544243007,-0.008530561793015923,1,-1,-1,FCL,,0,0,0
2022-06-01,Indicator,EMA_Trend,Bullish,Bullish,Bullish,Neutral,Negative,-0.016195427104536142,-0.010979961938053062,-0.01976388122621875,-1,-1,-1,FCL,,0,0,0
2022-06-01,Indicator,MACD_Trend,Bullish,Bullish,Bullish,Neutral,Negative,-0.016195427104536142,-0.010979961938053062,-0.01976388122621875,-1,-1,-1,FCL,,0,0,0
2022-06-01,Indicator,CMF_State,Negative,Bullish,Bullish,Neutral,Negative,-0.016195427104536142,-0.010979961938053062,-0.01976388122621875,-1,-1,-1,FCL,,0,0,0
2022-06-02,Candlestick,CDL_BULLISH_ENGULFING,Bearish,Bullish,Bullish,Neutral,Negative,0.005301322346096926,-0.003627198144830923,-0.026227661988184492,1,-1,-1,FCL,,0,1,1
2022-06-02,Indicator,EMA_Trend,Bullish,Bullish,Bullish,Neutral,Negative,0.005301322346096926,-0.003627198144830923,-0.026227661988184492,1,-1,-1,FCL,,1,0,0
2022-06-02,Indicator,MACD_Trend,Bullish,Bullish,Bullish,Neutral,Negative,0.005301322346096926,-0.003627198144830923,-0.026227661988184492,1,-1,-1,FCL,,1,0,0
2022-06-02,Indicator,CMF_State,Negative,Bullish,Bullish,Neutral,Negative,0.005301322346096926,-0.003627198144830923,-0.026227661988184492,1,-1,-1,FCL,,0,0,0
2022-06-03,Candlestick,CDL_HARAMI,Bullish,Bullish,Bullish,Neutral,Negative,-0.008881437129806158,-0.03136272044355959,-0.041631974766036306,-1,-1,-1,FCL,,0,0,0
2022-06-03,Indicator,EMA_Trend,Bullish,Bullish,Bullish,Neutral,Negative,-0.008881437129806158,-0.03136272044355959,-0.041631974766036306,-1,-1,-1,FCL,,0,0,0
2022-06-03,Indicator,MACD_Trend,Bullish,Bullish,Bullish,Neutral,Negative,-0.008881437129806158,-0.03136272044355959,-0.041631974766036306,-1,-1,-1,FCL,,0,0,0
2022-06-03,Indicator,CMF_State,Negative,Bullish,Bullish,Neutral,Negative,-0.008881437129806158,-0.03136272044355959,-0.041631974766036306,-1,-1,-1,FCL,,0,0,0
2022-06-06,Indicator,EMA_Trend,Bullish,Bullish,Bullish,Neutral,Negative,-0.02268273863083503,-0.03304401598673257,-0.05236631724282448,-1,-1,-1,FCL,,0,0,0
2022-06-06,Indicator,MACD_Trend,Bullish,Bullish,Bullish,Neutral,Negative,-0.02268273863083503,-0.03304401598673257,-0.05236631724282448,-1,-1,-1,FCL,,0,0,0
2022-06-06,Indicator,CMF_State,Negative,Bullish,Bullish,Neutral,Negative,-0.02268273863083503,-0.03304401598673257,-0.05236631724282448,-1,-1,-1,FCL,,0,0,0
2022-06-07,Indicator,EMA_Trend,Bullish,Bullish,Bullish,Neutral,Negative,-0.010601754174874634,-0.030372510325259672,-0.04183382837683558,-1,-1,-1,FCL,,0,0,0
2022-06-07,Indicator,MACD_Trend,Bullish,Bullish,Bullish,Neutral,Negative,-0.010601754174874634,-0.030372510325259672,-0.04183382837683558,-1,-1,-1,FCL,,0,0,0
2022-06-07,Indicator,CMF_State,Negative,Bullish,Bullish,Neutral,Negative,-0.010601754174874634,-0.030372510325259672,-0.04183382837683558,-1,-1,-1,FCL,,0,0,0
2022-06-08,Indicator,EMA_Trend,Bearish,Bearish,Bearish,Neutral,Positive,-0.01998260683583164,-0.03156673698760648,-0.08311608081104471,-1,-1,-1,FCL,,1,1,1
2022-06-08,Indicator,MACD_Trend,Bearish,Bearish,Bearish,Neutral,Positive,-0.01998260683583164,-0.03156673698760648,-0.08311608081104471,-1,-1,-1,FCL,,1,1,1
2022-06-08,Indicator,CMF_State,Positive,Bearish,Bearish,Neutral,Positive,-0.01998260683583164,-0.03156673698760648,-0.08311608081104471,-1,-1,-1,FCL,,0,0,0
2022-06-09,Indicator,EMA_Trend,Bearish,Bearish,Bearish,Neutral,Positive,-0.011820331182463284,-0.06442076887163684,-0.03812055002705006,-1,-1,-1,FCL,,1,1,1
2022-06-09,Indicator,MACD_Trend,Bearish,Bearish,Bearish,Neutral,Positive,-0.011820331182463284,-0.06442076887163684,-0.03812055002705006,-1,-1,-1,FCL,,1,1,1
2022-06-09,Indicator,CMF_State,Positive,Bearish,Bearish,Neutral,Positive,-0.011820331182463284,-0.06442076887163684,-0.03812055002705006,-1,-1,-1,FCL,,0,0,0
2022-06-10,Indicator,EMA_Trend,Bearish,Bearish,Bearish,Neutral,Positive,-0.053229629539044976,-0.026614814769522432,0.003588553316190346,-1,-1,1,FCL,,1,1,0
2022-06-10,Indicator,MACD_Trend,Bearish,Bearish,Bearish,Neutral,Positive,-0.053229629539044976,-0.026614814769522432,0.003588553316190346,-1,-1,1,FCL,,1,1,0
2022-06-10,Indicator,CMF_State,Positive,Bearish,Bearish,Neutral,Positive,-0.053229629539044976,-0.026614814769522432,0.003588553316190346,-1,-1,1,FCL,,0,0,0
2022-06-13,Indicator,EMA_Trend,Bearish,Bearish,Bearish,Neutral,Positive,0.02811116148107229,0.06001263308184446,0.05559066886992148,1,1,1,FCL,,0,0,0
2022-06-13,Indicator,MACD_Trend,Bearish,Bearish,Bearish,Neutral,Positive,0.02811116148107229,0.06001263308184446,0.05559066886992148,1,1,1,FCL,,0,0,0
2022-06-13,Indicator,CMF_State,Positive,Bearish,Bearish,Neutral,Positive,0.02811116148107229,0.06001263308184446,0.05559066886992148,1,1,1,FCL,,0,0,0
2022-06-14,Indicator,EMA_Trend,Bearish,Bearish,Bearish,Neutral,Positive,0.03102920461909564,0.0267281481014785,0.003072196620583778,1,1,1,FCL,,0,0,0
2022-06-14,Indicator,MACD_Trend,Bearish,Bearish,Bearish,Neutral,Positive,0.03102920461909564,0.0267281481014785,0.003072196620583778,1,1,1,FCL,,0,0,0
2022-06-14,Indicator,CMF_State,Positive,Bearish,Bearish,Neutral,Positive,0.03102920461909564,0.0267281481014785,0.003072196620583778,1,1,1,FCL,,0,0,0
2022-06-15,Indicator,EMA_Trend,Bearish,Bearish,Bearish,Neutral,Positive,-0.0041716146335604165,-0.027115631519710748,-0.03277711501771263,-1,-1,-1,FCL,,1,1,1
2022-06-15,Indicator,MACD_Trend,Bearish,Bearish,Bearish,Neutral,Positive,-0.0041716146335604165,-0.027115631519710748,-0.03277711501771263,-1,-1,-1,FCL,,1,1,1
2022-06-15,Indicator,CMF_State,Positive,Bearish,Bearish,Neutral,Positive,-0.0041716146335604165,-0.027115631519710748,-0.03277711501771263,-1,-1,-1,FCL,,0,0,0
2022-06-16,Indicator,EMA_Trend,Bearish,Bearish,Bearish,Neutral,Negative,-0.023040131435606348,-0.028725331396961762,-0.0020945906088046806,-1,-1,-1,FCL,,1,1,1
2022-06-16,Indicator,MACD_Trend,Bearish,Bearish,Bearish,Neutral,Negative,-0.023040131435606348,-0.028725331396961762,-0.0020945906088046806,-1,-1,-1,FCL,,1,1,1
2022-06-16,Indicator,CMF_State,Negative,Bearish,Bearish,Neutral,Negative,-0.023040131435606348,-0.028725331396961762,-0.0020945906088046806,-1,-1,-1,FCL,,0,0,0
2022-06-17,Indicator,EMA_Trend,Bearish,Bearish,Bearish,Neutral,Negative,-0.00581927686518946,0.0214395099540583,0.0042878832970425496,-1,1,1,FCL,,1,0,0
2022-06-17,Indicator,MACD_Trend,Bearish,Bearish,Bearish,Neutral,Negative,-0.00581927686518946,0.0214395099540583,0.0042878832970425496,-1,1,1,FCL,,1,0,0
2022-06-17,Indicator,CMF_State,Negative,Bearish,Bearish,Neutral,Negative,-0.00581927686518946,0.0214395099540583,0.0042878832970425496,-1,1,1,FCL,,0,0,0
2022-06-20,Indicator,EMA_Trend,Bearish,Bearish,Bearish,Neutral,Negative,0.0274183417410232,0.010166320797653894,0.03019096613893324,1,1,1,FCL,,0,0,0
2022-06-20,Indicator,MACD_Trend,Bearish,Bearish,Bearish,Neutral,Negative,0.0274183417410232,0.010166320797653894,0.03019096613893324,1,1,1,FCL,,0,0,0
2022-06-20,Indicator,CMF_State,Negative,Bearish,Bearish,Neutral,Negative,0.0274183417410232,0.010166320797653894,0.03019096613893324,1,1,1,FCL,,0,0,0
2022-06-21,Indicator,EMA_Trend,Bearish,Bearish,Bearish,Neutral,Negative,-0.01679162249929722,0.0026986323732665074,0.036581745748219596,-1,1,1,FCL,,1,0,0
2022-06-21,Indicator,MACD_Trend,Bearish,Bearish,Bearish,Neutral,Negative,-0.01679162249929722,0.0026986323732665074,0.036581745748219596,-1,1,1,FCL,,1,0,0
2022-06-21,Indicator,CMF_State,Negative,Bearish,Bearish,Neutral,Negative,-0.01679162249929722,0.0026986323732665074,0.036581745748219596,-1,1,1,FCL,,0,0,0
2022-06-22,Indicator,EMA_Trend,Bearish,Bearish,Bearish,Neutral,Negative,0.019823117172890203,0.05428489979224027,0.0997255651592186,1,1,1,FCL,,0,0,0
2022-06-22,Indicator,MACD_Trend,Bearish,Bearish,Bearish,Neutral,Negative,0.019823117172890203,0.05428489979224027,0.0997255651592186,1,1,1,FCL,,0,0,0
2022-06-22,Indicator,CMF_State,Negative,Bearish,Bearish,Neutral,Negative,0.019823117172890203,0.05428489979224027,0.0997255651592186,1,1,1,FCL,,0,0,0
2022-06-23,Indicator,EMA_Trend,Bearish,Bearish,Bearish,Neutral,Negative,0.033791921401903124,0.07834932023097352,0.08642342830134919,1,1,1,FCL,,0,0,0
2022-06-23,Indicator,MACD_Trend,Bearish,Bearish,Bearish,Neutral,Negative,0.033791921401903124,0.07834932023097352,0.08642342830134919,1,1,1,FCL,,0,0,0
2022-06-23,Indicator,CMF_State,Negative,Bearish,Bearish,Neutral,Negative,0.033791921401903124,0.07834932023097352,0.08642342830134919,1,1,1,FCL,,0,0,0
2022-06-24,Indicator,EMA_Trend,Bearish,Bearish,Bullish,Neutral,Negative,0.04310093540743387,0.0509111222576335,0.05582871597184225,1,1,1,FCL,,0,0,0
2022-06-24,Indicator,MACD_Trend,Bullish,Bearish,Bullish,Neutral,Negative,0.04310093540743387,0.0509111222576335,0.05582871597184225,1,1,1,FCL,,1,1,1
2022-06-24,Indicator,CMF_State,Negative,Bearish,Bullish,Neutral,Negative,0.04310093540743387,0.0509111222576335,0.05582871597184225,1,1,1,FCL,,0,0,0
2022-06-27,Indicator,EMA_Trend,Bearish,Bearish,Bullish,Neutral,Negative,0.007487469893936005,0.012201868613449962,0.02773155804420413,1,1,1,FCL,,0,0,0
2022-06-27,Indicator,MACD_Trend,Bullish,Bearish,Bullish,Neutral,Negative,0.007487469893936005,0.012201868613449962,0.02773155804420413,1,1,1,FCL,,1,1,1
2022-06-27,Indicator,CMF_State,Negative,Bearish,Bullish,Neutral,Negative,0.007487469893936005,0.012201868613449962,0.02773155804420413,1,1,1,FCL,,0,0,0
2022-06-28,Indicator,EMA_Trend,Bearish,Bearish,Bullish,Neutral,Negative,0.004679362136394971,0.020093637643353812,0.03936146102679161,1,1,1,FCL,,0,0,0
2022-06-28,Indicator,MACD_Trend,Bullish,Bearish,Bullish,Neutral,Negative,0.004679362136394971,0.020093637643353812,0.03936146102679161,1,1,1,FCL,,1,1,1
2022-06-28,Indicator,CMF_State,Negative,Bearish,Bullish,Neutral,Negative,0.004679362136394971,0.020093637643353812,0.03936146102679161,1,1,1,FCL,,0,0,0
2022-06-29,Indicator,EMA_Trend,Bearish,Bearish,Bullish,Neutral,Negative,0.015342482475385166,0.03452056466716602,0.056438372886344235,1,1,1,FCL,,0,0,0
2022-06-29,Indicator,MACD_Trend,Bullish,Bearish,Bullish,Neutral,Negative,0.015342482475385166,0.03452056466716602,0.056438372886344235,1,1,1,FCL,,1,1,1
2022-06-29,Indicator,CMF_State,Negative,Bearish,Bullish,Neutral,Negative,0.015342482475385166,0.03452056466716602,0.056438372886344235,1,1,1,FCL,,0,0,0
2022-06-30,Indicator,EMA_Trend,Bearish,Bearish,Bullish,Neutral,Negative,0.018888288949581833,0.04047490489196104,0.009983760465507752,1,1,1,FCL,,0,0,0
2022-06-30,Indicator,MACD_Trend,Bullish,Bearish,Bullish,Neutral,Negative,0.018888288949581833,0.04047490489196104,0.009983760465507752,1,1,1,FCL,,1,1,1
2022-06-30,Indicator,CMF_State,Negative,Bearish,Bullish,Neutral,Negative,0.018888288949581833,0.04047490489196104,0.009983760465507752,1,1,1,FCL,,0,0,0
2022-07-01,Indicator,EMA_Trend,Bearish,Bearish,Bullish,Neutral,Negative,0.021186440335509094,-0.008739455130310936,-0.017478829440766175,1,-1,-1,FCL,,0,1,1
2022-07-01,Indicator,MACD_Trend,Bullish,Bearish,Bullish,Neutral,Negative,0.021186440335509094,-0.008739455130310936,-0.017478829440766175,1,-1,-1,FCL,,1,0,0
2022-07-01,Indicator,CMF_State,Negative,Bearish,Bullish,Neutral,Negative,0.021186440335509094,-0.008739455130310936,-0.017478829440766175,1,-1,-1,FCL,,0,0,0
2022-07-04,Indicator,EMA_Trend,Bullish,Bullish,Bullish,Neutral,Negative,-0.02930502627511189,-0.03786308576871811,-0.02826761857871518,-1,-1,-1,FCL,,0,0,0
2022-07-04,Indicator,MACD_Trend,Bullish,Bullish,Bullish,Neutral,Negative,-0.02930502627511189,-0.03786308576871811,-0.02826761857871518,-1,-1,-1,FCL,,0,0,0
2022-07-04,Indicator,CMF_State,Negative,Bullish,Bullish,Neutral,Negative,-0.02930502627511189,-0.03786308576871811,-0.02826761857871518,-1,-1,-1,FCL,,0,0,0
2022-07-05,Candlestick,CDL_BULLISH_ENGULFING,Bearish,Bullish,Bullish,Neutral,Negative,-0.008816425061691668,0.0010687267622451202,0.0026716538408040336,-1,1,1,FCL,,1,0,0
2022-07-05,Candlestick,CDL_EVENING_STAR,Bearish,Bullish,Bullish,Neutral,Negative,-0.008816425061691668,0.0010687267622451202,0.0026716538408040336,-1,1,1,FCL,,1,0,0
2022-07-05,Indicator,EMA_Trend,Bullish,Bullish,Bullish,Neutral,Negative,-0.008816425061691668,0.0010687267622451202,0.0026716538408040336,-1,1,1,FCL,,0,1,1
2022-07-05,Indicator,MACD_Trend,Bullish,Bullish,Bullish,Neutral,Negative,-0.008816425061691668,0.0010687267622451202,0.0026716538408040336,-1,1,1,FCL,,0,1,1
2022-07-05,Indicator,CMF_State,Negative,Bullish,Bullish,Neutral,Negative,-0.008816425061691668,0.0010687267622451202,0.0026716538408040336,-1,1,1,FCL,,0,0,0
2022-07-06,Candlestick,CDL_THREE_OUTSIDE_UP,Bearish,Bullish,Bullish,Neutral,Negative,0.009973078725151518,0.011590263592907935,0.0371967325956033,1,1,1,FCL,,0,0,0
2022-07-06,Indicator,EMA_Trend,Bullish,Bullish,Bullish,Neutral,Negative,0.009973078725151518,0.011590263592907935,0.0371967325956033,1,1,1,FCL,,1,1,1
2022-07-06,Indicator,MACD_Trend,Bullish,Bullish,Bullish,Neutral,Negative,0.009973078725151518,0.011590263592907935,0.0371967325956033,1,1,1,FCL,,1,1,1
2022-07-06,Indicator,CMF_State,Negative,Bullish,Bullish,Neutral,Negative,0.009973078725151518,0.011590263592907935,0.0371967325956033,1,1,1,FCL,,0,0,0
2022-07-07,Indicator,EMA_Trend,Bullish,Bullish,Bullish,Neutral,Negative,0.0016012158163638546,0.0269548312167045,0.0322924344588813,1,1,1,FCL,,1,1,1
2022-07-07,Indicator,MACD_Trend,Bullish,Bullish,Bullish,Neutral,Negative,0.0016012158163638546,0.0269548312167045,0.0322924344588813,1,1,1,FCL,,1,1,1
2022-07-07,Indicator,CMF_State,Negative,Bullish,Bullish,Neutral,Negative,0.0016012158163638546,0.0269548312167045,0.0322924344588813,1,1,1,FCL,,0,0,0
2022-07-08,Indicator,EMA_Trend,Bullish,Bullish,Bullish,Neutral,Negative,0.02531308369037455,0.0306421539409798,0.09885426941175779,1,1,1,FCL,,1,1,1
2022-07-08,Indicator,MACD_Trend,Bullish,Bullish,Bullish,Neutral,Negative,0.02531308369037455,0.0306421539409798,0.09885426941175779,1,1,1,FCL,,1,1,1
2022-07-08,Indicator,CMF_State,Negative,Bullish,Bullish,Neutral,Negative,0.02531308369037455,0.0306421539409798,0.09885426941175779,1,1,1,FCL,,0,0,0
2022-07-11,Indicator,EMA_Trend,Bullish,Bullish,Bullish,Neutral,Negative,0.005197505362385835,0.07172558986245336,0.054573806305052486,1,1,1,FCL,,1,1,1
2022-07-11,Indicator,MACD_Trend,Bullish,Bullish,Bullish,Neutral,Negative,0.005197505362385835,0.07172558986245336,0.054573806305052486,1,1,1,FCL,,1,1,1
2022-07-11,Indicator,CMF_State,Negative,Bullish,Bullish,Neutral,Negative,0.005197505362385835,0.07172558986245336,0.054573806305052486,1,1,1,FCL,,0,0,0
2022-07-12,Indicator,EMA_Trend,Bullish,Bullish,Bullish,Neutral,Negative,0.06618409232530209,0.04912099431132755,0.04214068982667918,1,1,1,FCL,,1,1,1
2022-07-12,Indicator,MACD_Trend,Bullish,Bullish,Bullish,Neutral,Negative,0.06618409232530209,0.04912099431132755,0.04214068982667918,1,1,1,FCL,,1,1,1
2022-07-12,Indicator,CMF_State,Negative,Bullish,Bullish,Neutral,Negative,0.06618409232530209,0.04912099431132755,0.04214068982667918,1,1,1,FCL,,0,0,0
2022-07-13,Indicator,EMA_Trend,Bullish,Bullish,Bullish,Overbought,Positive,-0.016003894765265758,-0.02255089216927375,-0.002909751957354212,-1,-1,-1,FCL,,0,0,0
2022-07-13,Indicator,MACD_Trend,Bullish,Bullish,Bullish,Overbought,Positive,-0.016003894765265758,-0.02255089216927375,-0.002909751957354212,-1,-1,-1,FCL,,0,0,0
2022-07-13,Indicator,RSI_State,Overbought,Bullish,Bullish,Overbought,Positive,-0.016003894765265758,-0.02255089216927375,-0.002909751957354212,-1,-1,-1,FCL,,0,0,0
2022-07-13,Indicator,CMF_State,Positive,Bullish,Bullish,Overbought,Positive,-0.016003894765265758,-0.02255089216927375,-0.002909751957354212,-1,-1,-1,FCL,,0,0,0
2022-07-14,Indicator,EMA_Trend,Bullish,Bullish,Bullish,Neutral,Positive,-0.006653478981449967,0.013307108369893239,0.013799916885095076,-1,1,1,FCL,,0,1,1
2022-07-14,Indicator,MACD_Trend,Bullish,Bullish,Bullish,Neutral,Positive,-0.006653478981449967,0.013307108369893239,0.013799916885095076,-1,1,1,FCL,,0,1,1
2022-07-14,Indicator,CMF_State,Positive,Bullish,Bullish,Neutral,Positive,-0.006653478981449967,0.013307108369893239,0.013799916885095076,-1,1,1,FCL,,0,0,0
2022-07-15,Indicator,EMA_Trend,Bullish,Bullish,Bullish,Neutral,Positive,0.020094284249242866,0.02059039361770032,0.05085586626048233,1,1,1,FCL,,1,1,1
2022-07-15,Indicator,MACD_Trend,Bullish,Bullish,Bullish,Neutral,Positive,0.020094284249242866,0.02059039361770032,0.05085586626048233,1,1,1,FCL,,1,1,1
2022-07-15,Indicator,CMF_State,Positive,Bullish,Bullish,Neutral,Positive,0.020094284249242866,0.02059039361770032,0.05085586626048233,1,1,1,FCL,,0,0,0
2022-07-18,Candlestick,CDL_BULLISH_ENGULFING,Bullish,Bullish,Bullish,Neutral,Positive,0.0004863367789798012,0.030155626284955606,0.056663392756023834,1,1,1,FCL,,1,1,1
2022-07-18,Indicator,EMA_Trend,Bullish,Bullish,Bullish,Neutral,Positive,0.0004863367789798012,0.030155626284955606,0.056663392756023834,1,1,1,FCL,,1,1,1
2022-07-18,Indicator,MACD_Trend,Bullish,Bullish,Bullish,Neutral,Positive,0.0004863367789798012,0.030155626284955606,0.056663392756023834,1,1,1,FCL,,1,1,1
2022-07-18,Indicator,CMF_State,Positive,Bullish,Bullish,Neutral,Positive,0.0004863367789798012,0.030155626284955606,0.056663392756023834,1,1,1,FCL,,0,0,0
2022-07-19,Candlestick,CDL_THREE_OUTSIDE_UP,Bullish,Bullish,Bullish,Neutral,Positive,0.029654867253354977,0.05614974828932051,0.07292173175760563,1,1,1,FCL,,1,1,1
2022-07-19,Indicator,EMA_Trend,Bullish,Bullish,Bullish,Neutral,Positive,0.029654867253354977,0.05614974828932051,0.07292173175760563,1,1,1,FCL,,1,1,1
2022-07-19,Indicator,MACD_Trend,Bullish,Bullish,Bullish,Neutral,Positive,0.029654867253354977,0.05614974828932051,0.07292173175760563,1,1,1,FCL,,1,1,1
2022-07-19,Indicator,CMF_State,Positive,Bullish,Bullish,Neutral,Positive,0.029654867253354977,0.05614974828932051,0.07292173175760563,1,1,1,FCL,,0,0,0
2022-07-20,Indicator,EMA_Trend,Bullish,Bullish,Bullish,Overbought,Positive,0.0257318076945936,0.042020744892574236,0.05382433301334055,1,1,1,FCL,,1,1,1
2022-07-20,Indicator,MACD_Trend,Bullish,Bullish,Bullish,Overbought,Positive,0.0257318076945936,0.042020744892574236,0.05382433301334055,1,1,1,FCL,,1,1,1
2022-07-20,Indicator,RSI_State,Overbought,Bullish,Bullish,Overbought,Positive,0.0257318076945936,0.042020744892574236,0.05382433301334055,1,1,1,FCL,,0,0,0
2022-07-20,Indicator,CMF_State,Positive,Bullish,Bullish,Overbought,Positive,0.0257318076945936,0.042020744892574236,0.05382433301334055,1,1,1,FCL,,0,0,0
2022-07-21,Indicator,EMA_Trend,Bullish,Bullish,Bullish,Overbought,Positive,0.015880308162219414,0.027387788024129778,-0.0006904206972815352,1,1,-1,FCL,,1,1,0
2022-07-21,Indicator,MACD_Trend,Bullish,Bullish,Bullish,Overbought,Positive,0.015880308162219414,0.027387788024129778,-0.0006904206972815352,1,1,-1,FCL,,1,1,0
2022-07-21,Indicator,RSI_State,Overbought,Bullish,Bullish,Overbought,Positive,0.015880308162219414,0.027387788024129778,-0.0006904206972815352,1,1,-1,FCL,,0,0,0
2022-07-21,Indicator,CMF_State,Positive,Bullish,Bullish,Overbought,Positive,0.015880308162219414,0.027387788024129778,-0.0006904206972815352,1,1,-1,FCL,,0,0,0
2022-07-22,Candlestick,CDL_SHOOTING_STAR,Bearish,Bullish,Bullish,Overbought,Positive,0.01132759417566409,-0.01631169413006761,-0.0124603535932305,1,-1,-1,FCL,,0,1,1
2022-07-22,Candlestick,CDL_ADVANCE_BLOCK,Bearish,Bullish,Bullish,Overbought,Positive,0.01132759417566409,-0.01631169413006761,-0.0124603535932305,1,-1,-1,FCL,,0,1,1
2022-07-22,Indicator,EMA_Trend,Bullish,Bullish,Bullish,Overbought,Positive,0.01132759417566409,-0.01631169413006761,-0.0124603535932305,1,-1,-1,FCL,,1,0,0
2022-07-22,Indicator,MACD_Trend,Bullish,Bullish,Bullish,Overbought,Positive,0.01132759417566409,-0.01631169413006761,-0.0124603535932305,1,-1,-1,FCL,,1,0,0
2022-07-22,Indicator,RSI_State,Overbought,Bullish,Bullish,Overbought,Positive,0.01132759417566409,-0.01631169413006761,-0.0124603535932305,1,-1,-1,FCL,,0,0,0
2022-07-22,Indicator,CMF_State,Positive,Bullish,Bullish,Overbought,Positive,0.01132759417566409,-0.01631169413006761,-0.0124603535932305,1,-1,-1,FCL,,0,0,0
2022-07-25,Indicator,EMA_Trend,Bullish,Bullish,Bullish,Overbought,Positive,-0.027329708459364888,-0.023521505697947753,-0.052643369895406855,-1,-1,-1,FCL,,0,0,0
2022-07-25,Indicator,MACD_Trend,Bullish,Bullish,Bullish,Overbought,Positive,-0.027329708459364888,-0.023521505697947753,-0.052643369895406855,-1,-1,-1,FCL,,0,0,0
2022-07-25,Indicator,RSI_State,Overbought,Bullish,Bullish,Overbought,Positive,-0.027329708459364888,-0.023521505697947753,-0.052643369895406855,-1,-1,-1,FCL,,0,0,0
2022-07-25,Indicator,CMF_State,Positive,Bullish,Bullish,Overbought,Positive,-0.027329708459364888,-0.023521505697947753,-0.052643369895406855,-1,-1,-1,FCL,,0,0,0
2022-07-26,Candlestick,CDL_BULLISH_ENGULFING,Bearish,Bullish,Bullish,Neutral,Positive,0.003915204149378626,-0.026024914769368634,-0.029018898547399696,1,-1,-1,FCL,,0,1,1
2022-07-26,Indicator,EMA_Trend,Bullish,Bullish,Bullish,Neutral,Positive,0.003915204149378626,-0.026024914769368634,-0.029018898547399696,1,-1,-1,FCL,,1,0,0
2022-07-26,Indicator,MACD_Trend,Bullish,Bullish,Bullish,Neutral,Positive,0.003915204149378626,-0.026024914769368634,-0.029018898547399696,1,-1,-1,FCL,,1,0,0
2022-07-26,Indicator,CMF_State,Positive,Bullish,Bullish,Neutral,Positive,0.003915204149378626,-0.026024914769368634,-0.029018898547399696,1,-1,-1,FCL,,0,0,0
2022-07-27,Indicator,EMA_Trend,Bullish,Bullish,Bullish,Neutral,Positive,-0.029823354397860324,-0.03280566183344491,-0.011241096501708125,-1,-1,-1,FCL,,0,0,0
2022-07-27,Indicator,MACD_Trend,Bullish,Bullish,Bullish,Neutral,Positive,-0.029823354397860324,-0.03280566183344491,-0.011241096501708125,-1,-1,-1,FCL,,0,0,0
2022-07-27,Indicator,CMF_State,Positive,Bullish,Bullish,Neutral,Positive,-0.029823354397860324,-0.03280566183344491,-0.011241096501708125,-1,-1,-1,FCL,,0,0,0
2022-07-28,Candlestick,CDL_BULLISH_ENGULFING,Bearish,Bullish,Bullish,Neutral,Positive,-0.0030739839482877285,0.019153478884888164,0.007566829636357353,-1,1,1,FCL,,1,0,0
2022-07-28,Indicator,EMA_Trend,Bullish,Bullish,Bullish,Neutral,Positive,-0.0030739839482877285,0.019153478884888164,0.007566829636357353,-1,1,1,FCL,,0,1,1
2022-07-28,Indicator,MACD_Trend,Bullish,Bullish,Bullish,Neutral,Positive,-0.0030739839482877285,0.019153478884888164,0.007566829636357353,-1,1,1,FCL,,0,1,1
2022-07-28,Indicator,CMF_State,Positive,Bullish,Bullish,Neutral,Positive,-0.0030739839482877285,0.019153478884888164,0.007566829636357353,-1,1,1,FCL,,0,0,0
2022-07-29,Candlestick,CDL_THREE_OUTSIDE_UP,Bearish,Bullish,Bullish,Neutral,Positive,0.022296000380456427,0.010673624133902715,0.015180250957854469,1,1,1,FCL,,0,0,0
2022-07-29,Indicator,EMA_Trend,Bullish,Bullish,Bullish,Neutral,Positive,0.022296000380456427,0.010673624133902715,0.015180250957854469,1,1,1,FCL,,1,1,1
2022-07-29,Indicator,MACD_Trend,Bullish,Bullish,Bullish,Neutral,Positive,0.022296000380456427,0.010673624133902715,0.015180250957854469,1,1,1,FCL,,1,1,1
2022-07-29,Indicator,CMF_State,Positive,Bullish,Bullish,Neutral,Positive,0.022296000380456427,0.010673624133902715,0.015180250957854469,1,1,1,FCL,,0,0,0
2022-08-01,Indicator,EMA_Trend,Bullish,Bullish,Bearish,Neutral,Positive,-0.011368895351471897,-0.00696055684454755,0.06218094615538017,-1,-1,1,FCL,,0,0,1
2022-08-01,Indicator,MACD_Trend,Bearish,Bullish,Bearish,Neutral,Positive,-0.011368895351471897,-0.00696055684454755,0.06218094615538017,-1,-1,1,FCL,,1,1,0
2022-08-01,Indicator,CMF_State,Positive,Bullish,Bearish,Neutral,Positive,-0.011368895351471897,-0.00696055684454755,0.06218094615538017,-1,-1,1,FCL,,0,0,0
2022-08-02,Indicator,EMA_Trend,Bullish,Bullish,Bearish,Neutral,Positive,0.004459032784014605,0.0743956377267736,0.14855664606019925,1,1,1,FCL,,1,1,1
2022-08-02,Indicator,MACD_Trend,Bearish,Bullish,Bearish,Neutral,Positive,0.004459032784014605,0.0743956377267736,0.14855664606019925,1,1,1,FCL,,0,0,0
2022-08-02,Indicator,CMF_State,Positive,Bullish,Bearish,Neutral,Positive,0.004459032784014605,0.0743956377267736,0.14855664606019925,1,1,1,FCL,,0,0,0
2022-08-03,Indicator,EMA_Trend,Bullish,Bullish,Bearish,Neutral,Positive,0.06962613970319809,0.14345792966468318,0.19953276732257597,1,1,1,FCL,,1,1,1
2022-08-03,Indicator,MACD_Trend,Bearish,Bullish,Bearish,Neutral,Positive,0.06962613970319809,0.14345792966468318,0.19953276732257597,1,1,1,FCL,,0,0,0
2022-08-03,Indicator,CMF_State,Positive,Bullish,Bearish,Neutral,Positive,0.06962613970319809,0.14345792966468318,0.19953276732257597,1,1,1,FCL,,0,0,0
2022-08-04,Indicator,EMA_Trend,Bullish,Bullish,Bearish,Overbought,Positive,0.06902579062061065,0.12145049826047116,0.1140236207927503,1,1,1,FCL,,1,1,1
2022-08-04,Indicator,MACD_Trend,Bearish,Bullish,Bearish,Overbought,Positive,0.06902579062061065,0.12145049826047116,0.1140236207927503,1,1,1,FCL,,0,0,0
2022-08-04,Indicator,RSI_State,Overbought,Bullish,Bearish,Overbought,Positive,0.06902579062061065,0.12145049826047116,0.1140236207927503,1,1,1,FCL,,0,0,0
2022-08-04,Indicator,CMF_State,Positive,Bullish,Bearish,Overbought,Positive,0.06902579062061065,0.12145049826047116,0.1140236207927503,1,1,1,FCL,,0,0,0
2022-08-05,Indicator,EMA_Trend,Bullish,Bullish,Bullish,Overbought,Positive,0.049039703344692986,0.04209237098575214,0.02738045374663156,1,1,1,FCL,,1,1,1
2022-08-05,Indicator,MACD_Trend,Bullish,Bullish,Bullish,Overbought,Positive,0.049039703344692986,0.04209237098575214,0.02738045374663156,1,1,1,FCL,,1,1,1
2022-08-05,Indicator,RSI_State,Overbought,Bullish,Bullish,Overbought,Positive,0.049039703344692986,0.04209237098575214,0.02738045374663156,1,1,1,FCL,,0,0,0
2022-08-05,Indicator,CMF_State,Positive,Bullish,Bullish,Overbought,Positive,0.049039703344692986,0.04209237098575214,0.02738045374663156,1,1,1,FCL,,0,0,0
2022-08-08,Indicator,EMA_Trend,Bullish,Bullish,Bullish,Overbought,Positive,-0.006622563795050329,-0.020646739612432574,0.012465841594399008,-1,-1,1,FCL,,0,0,1
2022-08-08,Indicator,MACD_Trend,Bullish,Bullish,Bullish,Overbought,Positive,-0.006622563795050329,-0.020646739612432574,0.012465841594399008,-1,-1,1,FCL,,0,0,1
2022-08-08,Indicator,RSI_State,Overbought,Bullish,Bullish,Overbought,Positive,-0.006622563795050329,-0.020646739612432574,0.012465841594399008,-1,-1,1,FCL,,0,0,0
2022-08-08,Indicator,CMF_State,Positive,Bullish,Bullish,Overbought,Positive,-0.006622563795050329,-0.020646739612432574,0.012465841594399008,-1,-1,1,FCL,,0,0,0
2022-08-10,Indicator,EMA_Trend,Bullish,Bullish,Bullish,Overbought,Positive,-0.014117670994178821,0.019215662339154393,0.07607840743719363,-1,1,1,FCL,,0,1,1
2022-08-10,Indicator,MACD_Trend,Bullish,Bullish,Bullish,Overbought,Positive,-0.014117670994178821,0.019215662339154393,0.07607840743719363,-1,1,1,FCL,,0,1,1
2022-08-10,Indicator,RSI_State,Overbought,Bullish,Bullish,Overbought,Positive,-0.014117670994178821,0.019215662339154393,0.07607840743719363,-1,1,1,FCL,,0,0,0
2022-08-10,Indicator,CMF_State,Positive,Bullish,Bullish,Overbought,Positive,-0.014117670994178821,0.019215662339154393,0.07607840743719363,-1,1,1,FCL,,0,0,0
2022-08-11,Indicator,EMA_Trend,Bullish,Bullish,Bullish,Overbought,Positive,0.033810661123165664,0.09148767127444879,0.06801911900823931,1,1,1,FCL,,1,1,1
2022-08-11,Indicator,MACD_Trend,Bullish,Bullish,Bullish,Overbought,Positive,0.033810661123165664,0.09148767127444879,0.06801911900823931,1,1,1,FCL,,1,1,1
2022-08-11,Indicator,RSI_State,Overbought,Bullish,Bullish,Overbought,Positive,0.033810661123165664,0.09148767127444879,0.06801911900823931,1,1,1,FCL,,0,0,0
2022-08-11,Indicator,CMF_State,Positive,Bullish,Bullish,Overbought,Positive,0.033810661123165664,0.09148767127444879,0.06801911900823931,1,1,1,FCL,,0,0,0
2022-08-12,Candlestick,CDL_BULLISH_ENGULFING,Bullish,Bullish,Bullish,Overbought,Positive,0.055790690036626955,0.03308967412650632,0.023278254915837016,1,1,1,FCL,,1,1,1
2022-08-12,Indicator,EMA_Trend,Bullish,Bullish,Bullish,Overbought,Positive,0.055790690036626955,0.03308967412650632,0.023278254915837016,1,1,1,FCL,,1,1,1
2022-08-12,Indicator,MACD_Trend,Bullish,Bullish,Bullish,Overbought,Positive,0.055790690036626955,0.03308967412650632,0.023278254915837016,1,1,1,FCL,,1,1,1
2022-08-12,Indicator,RSI_State,Overbought,Bullish,Bullish,Overbought,Positive,0.055790690036626955,0.03308967412650632,0.023278254915837016,1,1,1,FCL,,0,0,0
2022-08-12,Indicator,CMF_State,Positive,Bullish,Bullish,Overbought,Positive,0.055790690036626955,0.03308967412650632,0.023278254915837016,1,1,1,FCL,,0,0,0
2022-08-16,Candlestick,CDL_THREE_OUTSIDE_UP,Bullish,Bullish,Bullish,Overbought,Positive,-0.021501435961074122,-0.03079439459696498,-0.036260867021763454,-1,-1,-1,FCL,,0,0,0
2022-08-16,Indicator,EMA_Trend,Bullish,Bullish,Bullish,Overbought,Positive,-0.021501435961074122,-0.03079439459696498,-0.036260867021763454,-1,-1,-1,FCL,,0,0,0
2022-08-16,Indicator,MACD_Trend,Bullish,Bullish,Bullish,Overbought,Positive,-0.021501435961074122,-0.03079439459696498,-0.036260867021763454,-1,-1,-1,FCL,,0,0,0
2022-08-16,Indicator,RSI_State,Overbought,Bullish,Bullish,Overbought,Positive,-0.021501435961074122,-0.03079439459696498,-0.036260867021763454,-1,-1,-1,FCL,,0,0,0
2022-08-16,Indicator,CMF_State,Positive,Bullish,Bullish,Overbought,Positive,-0.021501435961074122,-0.03079439459696498,-0.036260867021763454,-1,-1,-1,FCL,,0,0,0
2022-08-17,Indicator,EMA_Trend,Bullish,Bullish,Bullish,Overbought,Positive,-0.009497161240107022,-0.015083753418878021,-0.051769064791375774,-1,-1,-1,FCL,,0,0,0
2022-08-17,Indicator,MACD_Trend,Bullish,Bullish,Bullish,Overbought,Positive,-0.009497161240107022,-0.015083753418878021,-0.051769064791375774,-1,-1,-1,FCL,,0,0,0
2022-08-17,Indicator,RSI_State,Overbought,Bullish,Bullish,Overbought,Positive,-0.009497161240107022,-0.015083753418878021,-0.051769064791375774,-1,-1,-1,FCL,,0,0,0
2022-08-17,Indicator,CMF_State,Positive,Bullish,Bullish,Overbought,Positive,-0.009497161240107022,-0.015083753418878021,-0.051769064791375774,-1,-1,-1,FCL,,0,0,0
2022-08-18,Indicator,EMA_Trend,Bullish,Bullish,Bullish,Overbought,Positive,-0.0056401576655401575,-0.042677215952448,-0.0016920931993826827,-1,-1,-1,FCL,,0,0,0
2022-08-18,Indicator,MACD_Trend,Bullish,Bullish,Bullish,Overbought,Positive,-0.0056401576655401575,-0.042677215952448,-0.0016920931993826827,-1,-1,-1,FCL,,0,0,0
2022-08-18,Indicator,RSI_State,Overbought,Bullish,Bullish,Overbought,Positive,-0.0056401576655401575,-0.042677215952448,-0.0016920931993826827,-1,-1,-1,FCL,,0,0,0
2022-08-18,Indicator,CMF_State,Positive,Bullish,Bullish,Overbought,Positive,-0.0056401576655401575,-0.042677215952448,-0.0016920931993826827,-1,-1,-1,FCL,,0,0,0
2022-08-19,Indicator,EMA_Trend,Bullish,Bullish,Bullish,Overbought,Positive,-0.03724713801791901,0.003970458477977834,0.0043486248568749275,-1,1,1,FCL,,0,1,1
2022-08-19,Indicator,MACD_Trend,Bullish,Bullish,Bullish,Overbought,Positive,-0.03724713801791901,0.003970458477977834,0.0043486248568749275,-1,1,1,FCL,,0,1,1
2022-08-19,Indicator,RSI_State,Overbought,Bullish,Bullish,Overbought,Positive,-0.03724713801791901,0.003970458477977834,0.0043486248568749275,-1,1,1,FCL,,0,0,0
2022-08-19,Indicator,CMF_State,Positive,Bullish,Bullish,Overbought,Positive,-0.03724713801791901,0.003970458477977834,0.0043486248568749275,-1,1,1,FCL,,0,0,0
2022-08-22,Indicator,EMA_Trend,Bullish,Bullish,Bullish,Neutral,Negative,0.04281222951759345,0.04320502645835611,0.036527838059782214,1,1,1,FCL,,1,1,1
2022-08-22,Indicator,MACD_Trend,Bullish,Bullish,Bullish,Neutral,Negative,0.04281222951759345,0.04320502645835611,0.036527838059782214,1,1,1,FCL,,1,1,1
2022-08-22,Indicator,CMF_State,Negative,Bullish,Bullish,Neutral,Negative,0.04281222951759345,0.04320502645835611,0.036527838059782214,1,1,1,FCL,,0,0,0
2022-08-23,Candlestick,CDL_BULLISH_ENGULFING,Bullish,Bullish,Bullish,Neutral,Positive,0.00037667082303438626,-0.006026388337158628,-0.013182674199623379,1,-1,-1,FCL,,1,0,0
2022-08-23,Indicator,EMA_Trend,Bullish,Bullish,Bullish,Neutral,Positive,0.00037667082303438626,-0.006026388337158628,-0.013182674199623379,1,-1,-1,FCL,,1,0,0
2022-08-23,Indicator,MACD_Trend,Bullish,Bullish,Bullish,Neutral,Positive,0.00037667082303438626,-0.006026388337158628,-0.013182674199623379,1,-1,-1,FCL,,1,0,0
2022-08-23,Indicator,CMF_State,Positive,Bullish,Bullish,Neutral,Positive,0.00037667082303438626,-0.006026388337158628,-0.013182674199623379,1,-1,-1,FCL,,0,0,0
2022-08-24,Candlestick,CDL_THREE_OUTSIDE_UP,Bullish,Bullish,Bullish,Neutral,Negative,-0.006400648222758987,-0.013554239536096024,0.0026354731677993293,-1,-1,1,FCL,,0,0,1
2022-08-24,Candlestick,CDL_SHOOTING_STAR,Bearish,Bullish,Bullish,Neutral,Negative,-0.006400648222758987,-0.013554239536096024,0.0026354731677993293,-1,-1,1,FCL,,1,1,0
2022-08-24,Indicator,EMA_Trend,Bullish,Bullish,Bullish,Neutral,Negative,-0.006400648222758987,-0.013554239536096024,0.0026354731677993293,-1,-1,1,FCL,,0,0,1
2022-08-24,Indicator,MACD_Trend,Bullish,Bullish,Bullish,Neutral,Negative,-0.006400648222758987,-0.013554239536096024,0.0026354731677993293,-1,-1,1,FCL,,0,0,1
2022-08-24,Indicator,CMF_State,Negative,Bullish,Bullish,Neutral,Negative,-0.006400648222758987,-0.013554239536096024,0.0026354731677993293,-1,-1,1,FCL,,0,0,0
2022-08-25,Indicator,EMA_Trend,Bullish,Bullish,Bearish,Neutral,Negative,-0.007199673893246272,0.009094331004137146,0.04414548755561598,-1,1,1,FCL,,0,1,1
2022-08-25,Indicator,MACD_Trend,Bearish,Bullish,Bearish,Neutral,Negative,-0.007199673893246272,0.009094331004137146,0.04414548755561598,-1,1,1,FCL,,1,0,0
2022-08-25,Indicator,CMF_State,Negative,Bullish,Bearish,Neutral,Negative,-0.007199673893246272,0.009094331004137146,0.04414548755561598,-1,1,1,FCL,,0,0,0
2022-08-26,Indicator,EMA_Trend,Bullish,Bullish,Bearish,Neutral,Negative,0.016412167148735612,0.05171751066018615,0.18664119807818458,1,1,1,FCL,,1,1,1
2022-08-26,Indicator,MACD_Trend,Bearish,Bullish,Bearish,Neutral,Negative,0.016412167148735612,0.05171751066018615,0.18664119807818458,1,1,1,FCL,,0,0,0
2022-08-26,Indicator,CMF_State,Negative,Bullish,Bearish,Neutral,Negative,0.016412167148735612,0.05171751066018615,0.18664119807818458,1,1,1,FCL,,0,0,0
2022-08-29,Candlestick,CDL_BULLISH_ENGULFING,Bullish,Bullish,Bearish,Neutral,Positive,0.03473526257609616,0.16748031598930924,0.2365753018696286,1,1,1,FCL,,1,1,1
2022-08-29,Indicator,EMA_Trend,Bullish,Bullish,Bearish,Neutral,Positive,0.03473526257609616,0.16748031598930924,0.2365753018696286,1,1,1,FCL,,1,1,1
2022-08-29,Indicator,MACD_Trend,Bearish,Bullish,Bearish,Neutral,Positive,0.03473526257609616,0.16748031598930924,0.2365753018696286,1,1,1,FCL,,0,0,0
2022-08-29,Indicator,CMF_State,Positive,Bullish,Bearish,Neutral,Positive,0.03473526257609616,0.16748031598930924,0.2365753018696286,1,1,1,FCL,,0,0,0
2022-08-30,Candlestick,CDL_THREE_OUTSIDE_UP,Bullish,Bullish,Bearish,Overbought,Positive,0.12828890462544829,0.19506442526277468,0.22990386104140526,1,1,1,FCL,,1,1,1
2022-08-30,Indicator,EMA_Trend,Bullish,Bullish,Bearish,Overbought,Positive,0.12828890462544829,0.19506442526277468,0.22990386104140526,1,1,1,FCL,,1,1,1
2022-08-30,Indicator,MACD_Trend,Bearish,Bullish,Bearish,Overbought,Positive,0.12828890462544829,0.19506442526277468,0.22990386104140526,1,1,1,FCL,,0,0,0
2022-08-30,Indicator,RSI_State,Overbought,Bullish,Bearish,Overbought,Positive,0.12828890462544829,0.19506442526277468,0.22990386104140526,1,1,1,FCL,,0,0,0
2022-08-30,Indicator,CMF_State,Positive,Bullish,Bearish,Overbought,Positive,0.12828890462544829,0.19506442526277468,0.22990386104140526,1,1,1,FCL,,0,0,0
2022-09-01,Indicator,EMA_Trend,Bullish,Bullish,Bullish,Overbought,Positive,0.05918299857738418,0.09006111466609656,0.15808940129104387,1,1,1,FCL,,1,1,1
2022-09-01,Indicator,MACD_Trend,Bullish,Bullish,Bullish,Overbought,Positive,0.05918299857738418,0.09006111466609656,0.15808940129104387,1,1,1,FCL,,1,1,1
2022-09-01,Indicator,RSI_State,Overbought,Bullish,Bullish,Overbought,Positive,0.05918299857738418,0.09006111466609656,0.15808940129104387,1,1,1,FCL,,0,0,0
2022-09-01,Indicator,CMF_State,Positive,Bullish,Bullish,Overbought,Positive,0.05918299857738418,0.09006111466609656,0.15808940129104387,1,1,1,FCL,,0,0,0
2022-09-02,Indicator,EMA_Trend,Bullish,Bullish,Bullish,Overbought,Positive,0.029152767869372598,0.09337990021224218,0.06969332844755516,1,1,1,FCL,,1,1,1
2022-09-02,Indicator,MACD_Trend,Bullish,Bullish,Bullish,Overbought,Positive,0.029152767869372598,0.09337990021224218,0.06969332844755516,1,1,1,FCL,,1,1,1
2022-09-02,Indicator,RSI_State,Overbought,Bullish,Bullish,Overbought,Positive,0.029152767869372598,0.09337990021224218,0.06969332844755516,1,1,1,FCL,,0,0,0
2022-09-02,Indicator,CMF_State,Positive,Bullish,Bullish,Overbought,Positive,0.029152767869372598,0.09337990021224218,0.06969332844755516,1,1,1,FCL,,0,0,0
2022-09-05,Indicator,EMA_Trend,Bullish,Bullish,Bullish,Overbought,Positive,0.062407773022694624,0.03939216979624183,-0.0036884037253237523,1,1,-1,FCL,,1,1,0
2022-09-05,Indicator,MACD_Trend,Bullish,Bullish,Bullish,Overbought,Positive,0.062407773022694624,0.03939216979624183,-0.0036884037253237523,1,1,-1,FCL,,1,1,0
2022-09-05,Indicator,RSI_State,Overbought,Bullish,Bullish,Overbought,Positive,0.062407773022694624,0.03939216979624183,-0.0036884037253237523,1,1,-1,FCL,,0,0,0
2022-09-05,Indicator,CMF_State,Positive,Bullish,Bullish,Overbought,Positive,0.062407773022694624,0.03939216979624183,-0.0036884037253237523,1,1,-1,FCL,,0,0,0
2022-09-06,Indicator,EMA_Trend,Bullish,Bullish,Bullish,Overbought,Positive,-0.02166362465606808,-0.06221356660443644,-0.03041239289181541,-1,-1,-1,FCL,,0,0,0
2022-09-06,Indicator,MACD_Trend,Bullish,Bullish,Bullish,Overbought,Positive,-0.02166362465606808,-0.06221356660443644,-0.03041239289181541,-1,-1,-1,FCL,,0,0,0
2022-09-06,Indicator,RSI_State,Overbought,Bullish,Bullish,Overbought,Positive,-0.02166362465606808,-0.06221356660443644,-0.03041239289181541,-1,-1,-1,FCL,,0,0,0
2022-09-06,Indicator,CMF_State,Positive,Bullish,Bullish,Overbought,Positive,-0.02166362465606808,-0.06221356660443644,-0.03041239289181541,-1,-1,-1,FCL,,0,0,0
2022-09-07,Candlestick,CDL_HARAMI,Bearish,Bullish,Bullish,Overbought,Positive,-0.041447852671442464,-0.008942495092929437,0.06855924456063689,-1,-1,1,FCL,,1,1,0
2022-09-07,Indicator,EMA_Trend,Bullish,Bullish,Bullish,Overbought,Positive,-0.041447852671442464,-0.008942495092929437,0.06855924456063689,-1,-1,1,FCL,,0,0,1
2022-09-07,Indicator,MACD_Trend,Bullish,Bullish,Bullish,Overbought,Positive,-0.041447852671442464,-0.008942495092929437,0.06855924456063689,-1,-1,1,FCL,,0,0,1
2022-09-07,Indicator,RSI_State,Overbought,Bullish,Bullish,Overbought,Positive,-0.041447852671442464,-0.008942495092929437,0.06855924456063689,-1,-1,1,FCL,,0,0,0
2022-09-07,Indicator,CMF_State,Positive,Bullish,Bullish,Overbought,Positive,-0.041447852671442464,-0.008942495092929437,0.06855924456063689,-1,-1,1,FCL,,0,0,0
2022-09-08,Candlestick,CDL_THREE_INSIDE_UP,Bearish,Bullish,Bullish,Overbought,Positive,0.03391089120096824,0.11476381075214781,0.11550422243441982,1,1,1,FCL,,0,0,0
2022-09-08,Indicator,EMA_Trend,Bullish,Bullish,Bullish,Overbought,Positive,0.03391089120096824,0.11476381075214781,0.11550422243441982,1,1,1,FCL,,1,1,1
2022-09-08,Indicator,MACD_Trend,Bullish,Bullish,Bullish,Overbought,Positive,0.03391089120096824,0.11476381075214781,0.11550422243441982,1,1,1,FCL,,1,1,1
2022-09-08,Indicator,RSI_State,Overbought,Bullish,Bullish,Overbought,Positive,0.03391089120096824,0.11476381075214781,0.11550422243441982,1,1,1,FCL,,0,0,0
2022-09-08,Indicator,CMF_State,Positive,Bullish,Bullish,Overbought,Positive,0.03391089120096824,0.11476381075214781,0.11550422243441982,1,1,1,FCL,,0,0,0
2022-09-09,Candlestick,CDL_HARAMI,Bullish,Bullish,Bullish,Overbought,Positive,0.07820105217893847,0.07891717935060583,0.06702948578449974,1,1,1,FCL,,1,1,1
2022-09-09,Indicator,EMA_Trend,Bullish,Bullish,Bullish,Overbought,Positive,0.07820105217893847,0.07891717935060583,0.06702948578449974,1,1,1,FCL,,1,1,1
2022-09-09,Indicator,MACD_Trend,Bullish,Bullish,Bullish,Overbought,Positive,0.07820105217893847,0.07891717935060583,0.06702948578449974,1,1,1,FCL,,1,1,1
2022-09-09,Indicator,RSI_State,Overbought,Bullish,Bullish,Overbought,Positive,0.07820105217893847,0.07891717935060583,0.06702948578449974,1,1,1,FCL,,0,0,0
2022-09-09,Indicator,CMF_State,Positive,Bullish,Bullish,Overbought,Positive,0.07820105217893847,0.07891717935060583,0.06702948578449974,1,1,1,FCL,,0,0,0
2022-09-12,Candlestick,CDL_THREE_INSIDE_UP,Bullish,Bullish,Bullish,Overbought,Positive,0.0006641870458392596,-0.010361301699587488,-0.03626459648731639,1,-1,-1,FCL,,1,0,0
2022-09-12,Indicator,EMA_Trend,Bullish,Bullish,Bullish,Overbought,Positive,0.0006641870458392596,-0.010361301699587488,-0.03626459648731639,1,-1,-1,FCL,,1,0,0
2022-09-12,Indicator,MACD_Trend,Bullish,Bullish,Bullish,Overbought,Positive,0.0006641870458392596,-0.010361301699587488,-0.03626459648731639,1,-1,-1,FCL,,1,0,0
2022-09-12,Indicator,RSI_State,Overbought,Bullish,Bullish,Overbought,Positive,0.0006641870458392596,-0.010361301699587488,-0.03626459648731639,1,-1,-1,FCL,,0,0,0
2022-09-12,Indicator,CMF_State,Positive,Bullish,Bullish,Overbought,Positive,0.0006641870458392596,-0.010361301699587488,-0.03626459648731639,1,-1,-1,FCL,,0,0,0
2022-09-13,Indicator,EMA_Trend,Bullish,Bullish,Bullish,Overbought,Positive,-0.011018170619232603,-0.03690427219362846,-0.07433957375211142,-1,-1,-1,FCL,,0,0,0
2022-09-13,Indicator,MACD_Trend,Bullish,Bullish,Bullish,Overbought,Positive,-0.011018170619232603,-0.03690427219362846,-0.07433957375211142,-1,-1,-1,FCL,,0,0,0
2022-09-13,Indicator,RSI_State,Overbought,Bullish,Bullish,Overbought,Positive,-0.011018170619232603,-0.03690427219362846,-0.07433957375211142,-1,-1,-1,FCL,,0,0,0
2022-09-13,Indicator,CMF_State,Positive,Bullish,Bullish,Overbought,Positive,-0.011018170619232603,-0.03690427219362846,-0.07433957375211142,-1,-1,-1,FCL,,0,0,0
2022-09-14,Indicator,EMA_Trend,Bullish,Bullish,Bullish,Overbought,Positive,-0.026174496644295275,-0.06402686202286079,-0.10644293663485738,-1,-1,-1,FCL,,0,0,0
2022-09-14,Indicator,MACD_Trend,Bullish,Bullish,Bullish,Overbought,Positive,-0.026174496644295275,-0.06402686202286079,-0.10644293663485738,-1,-1,-1,FCL,,0,0,0
2022-09-14,Indicator,RSI_State,Overbought,Bullish,Bullish,Overbought,Positive,-0.026174496644295275,-0.06402686202286079,-0.10644293663485738,-1,-1,-1,FCL,,0,0,0
2022-09-14,Indicator,CMF_State,Positive,Bullish,Bullish,Overbought,Positive,-0.026174496644295275,-0.06402686202286079,-0.10644293663485738,-1,-1,-1,FCL,,0,0,0
2022-09-15,Candlestick,CDL_BULLISH_ENGULFING,Bearish,Bullish,Bullish,Overbought,Positive,-0.03886976182912649,-0.08242589633765507,0.0005513775521193143,-1,-1,1,FCL,,1,1,0
2022-09-15,Indicator,EMA_Trend,Bullish,Bullish,Bullish,Overbought,Positive,-0.03886976182912649,-0.08242589633765507,0.0005513775521193143,-1,-1,1,FCL,,0,0,1
2022-09-15,Indicator,MACD_Trend,Bullish,Bullish,Bullish,Overbought,Positive,-0.03886976182912649,-0.08242589633765507,0.0005513775521193143,-1,-1,1,FCL,,0,0,1
2022-09-15,Indicator,RSI_State,Overbought,Bullish,Bullish,Overbought,Positive,-0.03886976182912649,-0.08242589633765507,0.0005513775521193143,-1,-1,1,FCL,,0,0,0
2022-09-15,Indicator,CMF_State,Positive,Bullish,Bullish,Overbought,Positive,-0.03886976182912649,-0.08242589633765507,0.0005513775521193143,-1,-1,1,FCL,,0,0,0
2022-09-16,Candlestick,CDL_THREE_OUTSIDE_UP,Bearish,Bullish,Bullish,Neutral,Positive,-0.04531761958860048,0.04101539813820465,0.025527015781697804,-1,1,1,FCL,,1,0,0
2022-09-16,Indicator,EMA_Trend,Bullish,Bullish,Bullish,Neutral,Positive,-0.04531761958860048,0.04101539813820465,0.025527015781697804,-1,1,1,FCL,,0,1,1
2022-09-16,Indicator,MACD_Trend,Bullish,Bullish,Bullish,Neutral,Positive,-0.04531761958860048,0.04101539813820465,0.025527015781697804,-1,1,1,FCL,,0,1,1
2022-09-16,Indicator,CMF_State,Positive,Bullish,Bullish,Neutral,Positive,-0.04531761958860048,0.04101539813820465,0.025527015781697804,-1,1,1,FCL,,0,0,0
2022-09-19,Indicator,EMA_Trend,Bullish,Bullish,Bearish,Neutral,Positive,0.0904311418103283,0.07420754464932022,0.08292025115640866,1,1,1,FCL,,1,1,1
2022-09-19,Indicator,MACD_Trend,Bearish,Bullish,Bearish,Neutral,Positive,0.0904311418103283,0.07420754464932022,0.08292025115640866,1,1,1,FCL,,0,0,0
2022-09-19,Indicator,CMF_State,Positive,Bullish,Bearish,Neutral,Positive,0.0904311418103283,0.07420754464932022,0.08292025115640866,1,1,1,FCL,,0,0,0
2022-09-20,Indicator,EMA_Trend,Bullish,Bullish,Bearish,Neutral,Positive,-0.014878149145735042,-0.006888000870417299,-0.029480677358202922,-1,-1,-1,FCL,,0,0,0
2022-09-20,Indicator,MACD_Trend,Bearish,Bullish,Bearish,Neutral,Positive,-0.014878149145735042,-0.006888000870417299,-0.029480677358202922,-1,-1,-1,FCL,,1,1,1
2022-09-20,Indicator,CMF_State,Positive,Bullish,Bearish,Neutral,Positive,-0.014878149145735042,-0.006888000870417299,-0.029480677358202922,-1,-1,-1,FCL,,0,0,0
2022-09-21,Indicator,EMA_Trend,Bullish,Bullish,Bearish,Neutral,Positive,0.008110822299179477,-0.014823068029406805,-0.07831072844620757,1,-1,-1,FCL,,1,0,0
2022-09-21,Indicator,MACD_Trend,Bearish,Bullish,Bearish,Neutral,Positive,0.008110822299179477,-0.014823068029406805,-0.07831072844620757,1,-1,-1,FCL,,0,1,1
2022-09-21,Indicator,CMF_State,Positive,Bullish,Bearish,Neutral,Positive,0.008110822299179477,-0.014823068029406805,-0.07831072844620757,1,-1,-1,FCL,,0,0,0
2022-09-22,Indicator,EMA_Trend,Bullish,Bullish,Bearish,Neutral,Positive,-0.02274937419705636,-0.08572624044277888,-0.03939523297581482,-1,-1,-1,FCL,,0,0,0
2022-09-22,Indicator,MACD_Trend,Bearish,Bullish,Bearish,Neutral,Positive,-0.02274937419705636,-0.08572624044277888,-0.03939523297581482,-1,-1,-1,FCL,,1,1,1
2022-09-22,Indicator,CMF_State,Positive,Bullish,Bearish,Neutral,Positive,-0.02274937419705636,-0.08572624044277888,-0.03939523297581482,-1,-1,-1,FCL,,0,0,0
2022-09-23,Candlestick,CDL_BULLISH_ENGULFING,Bearish,Bullish,Bearish,Neutral,Positive,-0.0644429019362136,-0.017033356990773574,-0.03804114661883429,-1,-1,-1,FCL,,1,1,1
2022-09-23,Indicator,EMA_Trend,Bullish,Bullish,Bearish,Neutral,Positive,-0.0644429019362136,-0.017033356990773574,-0.03804114661883429,-1,-1,-1,FCL,,0,0,0
2022-09-23,Indicator,MACD_Trend,Bearish,Bullish,Bearish,Neutral,Positive,-0.0644429019362136,-0.017033356990773574,-0.03804114661883429,-1,-1,-1,FCL,,1,1,1
2022-09-23,Indicator,CMF_State,Positive,Bullish,Bearish,Neutral,Positive,-0.0644429019362136,-0.017033356990773574,-0.03804114661883429,-1,-1,-1,FCL,,0,0,0
2022-09-26,Indicator,EMA_Trend,Bullish,Bullish,Bearish,Neutral,Positive,0.0506752020197998,0.02822035701724679,0.03929604820731103,1,1,1,FCL,,1,1,1
2022-09-26,Indicator,MACD_Trend,Bearish,Bullish,Bearish,Neutral,Positive,0.0506752020197998,0.02822035701724679,0.03929604820731103,1,1,1,FCL,,0,0,0
2022-09-26,Indicator,CMF_State,Positive,Bullish,Bearish,Neutral,Positive,0.0506752020197998,0.02822035701724679,0.03929604820731103,1,1,1,FCL,,0,0,0
2022-09-27,Indicator,EMA_Trend,Bullish,Bullish,Bearish,Neutral,Positive,-0.021371823527752687,-0.010830324909747335,0.016028845611462117,-1,-1,1,FCL,,0,0,1
2022-09-27,Indicator,MACD_Trend,Bearish,Bullish,Bearish,Neutral,Positive,-0.021371823527752687,-0.010830324909747335,0.016028845611462117,-1,-1,1,FCL,,1,1,0
2022-09-27,Indicator,CMF_State,Positive,Bullish,Bearish,Neutral,Positive,-0.021371823527752687,-0.010830324909747335,0.016028845611462117,-1,-1,1,FCL,,0,0,0
2022-09-28,Candlestick,CDL_HARAMI,Bearish,Bullish,Bearish,Neutral,Positive,0.010771709696736353,0.0382174456431823,0.07894348389602257,1,1,1,FCL,,0,0,0
2022-09-28,Indicator,EMA_Trend,Bullish,Bullish,Bearish,Neutral,Positive,0.010771709696736353,0.0382174456431823,0.07894348389602257,1,1,1,FCL,,1,1,1
2022-09-28,Indicator,MACD_Trend,Bearish,Bullish,Bearish,Neutral,Positive,0.010771709696736353,0.0382174456431823,0.07894348389602257,1,1,1,FCL,,0,0,0
2022-09-28,Indicator,CMF_State,Positive,Bullish,Bearish,Neutral,Positive,0.010771709696736353,0.0382174456431823,0.07894348389602257,1,1,1,FCL,,0,0,0
2022-09-29,Indicator,EMA_Trend,Bullish,Bullish,Bearish,Neutral,Positive,0.027153249030565707,0.06744527329493621,0.07591240875912408,1,1,1,FCL,,1,1,1
2022-09-29,Indicator,MACD_Trend,Bearish,Bullish,Bearish,Neutral,Positive,0.027153249030565707,0.06744527329493621,0.07591240875912408,1,1,1,FCL,,0,0,0
2022-09-29,Indicator,CMF_State,Positive,Bullish,Bearish,Neutral,Positive,0.027153249030565707,0.06744527329493621,0.07591240875912408,1,1,1,FCL,,0,0,0
2022-09-30,Candlestick,CDL_BULLISH_ENGULFING,Bullish,Bullish,Bearish,Neutral,Negative,0.03922688683738129,0.047470189842243826,0.05457650049246254,1,1,1,FCL,,1,1,1
2022-09-30,Indicator,EMA_Trend,Bullish,Bullish,Bearish,Neutral,Negative,0.03922688683738129,0.047470189842243826,0.05457650049246254,1,1,1,FCL,,1,1,1
2022-09-30,Indicator,MACD_Trend,Bearish,Bullish,Bearish,Neutral,Negative,0.03922688683738129,0.047470189842243826,0.05457650049246254,1,1,1,FCL,,0,0,0
2022-09-30,Indicator,CMF_State,Negative,Bullish,Bearish,Neutral,Negative,0.03922688683738129,0.047470189842243826,0.05457650049246254,1,1,1,FCL,,0,0,0
2022-10-03,Candlestick,CDL_THREE_OUTSIDE_UP,Bullish,Bullish,Bearish,Neutral,Negative,0.007932149475028405,0.014770223759119405,0.007658609809147343,1,1,1,FCL,,1,1,1
2022-10-03,Indicator,EMA_Trend,Bullish,Bullish,Bearish,Neutral,Negative,0.007932149475028405,0.014770223759119405,0.007658609809147343,1,1,1,FCL,,1,1,1
2022-10-03,Indicator,MACD_Trend,Bearish,Bullish,Bearish,Neutral,Negative,0.007932149475028405,0.014770223759119405,0.007658609809147343,1,1,1,FCL,,0,0,0
2022-10-03,Indicator,CMF_State,Negative,Bullish,Bearish,Neutral,Negative,0.007932149475028405,0.014770223759119405,0.007658609809147343,1,1,1,FCL,,0,0,0
2022-10-04,Candlestick,CDL_SHOOTING_STAR,Bearish,Bullish,Bearish,Neutral,Negative,0.006784260515603879,-0.000271386983760169,0.005020369344682862,1,-1,1,FCL,,0,1,0
2022-10-04,Indicator,EMA_Trend,Bullish,Bullish,Bearish,Neutral,Negative,0.006784260515603879,-0.000271386983760169,0.005020369344682862,1,-1,1,FCL,,1,0,1
2022-10-04,Indicator,MACD_Trend,Bearish,Bullish,Bearish,Neutral,Negative,0.006784260515603879,-0.000271386983760169,0.005020369344682862,1,-1,1,FCL,,0,1,0
2022-10-04,Indicator,CMF_State,Negative,Bullish,Bearish,Neutral,Negative,0.006784260515603879,-0.000271386983760169,0.005020369344682862,1,-1,1,FCL,,0,0,0
2022-10-06,Indicator,EMA_Trend,Bullish,Bullish,Bearish,Neutral,Negative,-0.007008102704893826,-0.0017520051118177227,-0.01334235096234826,-1,-1,-1,FCL,,0,0,0
2022-10-06,Indicator,MACD_Trend,Bearish,Bullish,Bearish,Neutral,Negative,-0.007008102704893826,-0.0017520051118177227,-0.01334235096234826,-1,-1,-1,FCL,,1,1,1
2022-10-06,Indicator,CMF_State,Negative,Bullish,Bearish,Neutral,Negative,-0.007008102704893826,-0.0017520051118177227,-0.01334235096234826,-1,-1,-1,FCL,,0,0,0
2022-10-07,Indicator,EMA_Trend,Bullish,Bullish,Bearish,Neutral,Negative,0.005293192832080074,-0.006378952612512534,0.000678610217540454,1,-1,1,FCL,,1,0,1
2022-10-07,Indicator,MACD_Trend,Bearish,Bullish,Bearish,Neutral,Negative,0.005293192832080074,-0.006378952612512534,0.000678610217540454,1,-1,1,FCL,,0,1,0
2022-10-07,Indicator,CMF_State,Negative,Bullish,Bearish,Neutral,Negative,0.005293192832080074,-0.006378952612512534,0.000678610217540454,1,-1,1,FCL,,0,0,0
2022-10-10,Indicator,EMA_Trend,Bullish,Bullish,Bearish,Neutral,Negative,-0.011610687834969102,-0.004590285349033052,0.005805302716488825,-1,-1,1,FCL,,0,0,1
2022-10-10,Indicator,MACD_Trend,Bearish,Bullish,Bearish,Neutral,Negative,-0.011610687834969102,-0.004590285349033052,0.005805302716488825,-1,-1,1,FCL,,1,1,0
2022-10-10,Indicator,CMF_State,Negative,Bullish,Bearish,Neutral,Negative,-0.011610687834969102,-0.004590285349033052,0.005805302716488825,-1,-1,1,FCL,,0,0,0
2022-10-11,Indicator,EMA_Trend,Bullish,Bullish,Bearish,Neutral,Negative,0.00710287171211732,0.017620577577178276,0.0002732034062302713,1,1,1,FCL,,1,1,1
2022-10-11,Indicator,MACD_Trend,Bearish,Bullish,Bearish,Neutral,Negative,0.00710287171211732,0.017620577577178276,0.0002732034062302713,1,1,1,FCL,,0,0,0
2022-10-11,Indicator,CMF_State,Negative,Bullish,Bearish,Neutral,Negative,0.00710287171211732,0.017620577577178276,0.0002732034062302713,1,1,1,FCL,,0,0,0
2022-10-12,Indicator,EMA_Trend,Bullish,Bullish,Bearish,Neutral,Negative,0.010443526833738837,-0.006781500180092159,0.006239029834875787,1,-1,1,FCL,,1,0,1
2022-10-12,Indicator,MACD_Trend,Bearish,Bullish,Bearish,Neutral,Negative,0.010443526833738837,-0.006781500180092159,0.006239029834875787,1,-1,1,FCL,,0,1,0
2022-10-12,Indicator,CMF_State,Negative,Bullish,Bearish,Neutral,Negative,0.010443526833738837,-0.006781500180092159,0.006239029834875787,1,-1,1,FCL,,0,0,0
2022-10-13,Candlestick,CDL_BULLISH_ENGULFING,Bullish,Bullish,Bearish,Neutral,Negative,-0.017046996251048663,-0.004161041054949521,0.012751677852349097,-1,-1,1,FCL,,0,0,1
2022-10-13,Indicator,EMA_Trend,Bullish,Bullish,Bearish,Neutral,Negative,-0.017046996251048663,-0.004161041054949521,0.012751677852349097,-1,-1,1,FCL,,0,0,1
2022-10-13,Indicator,MACD_Trend,Bearish,Bullish,Bearish,Neutral,Negative,-0.017046996251048663,-0.004161041054949521,0.012751677852349097,-1,-1,1,FCL,,1,1,0
2022-10-13,Indicator,CMF_State,Negative,Bullish,Bearish,Neutral,Negative,-0.017046996251048663,-0.004161041054949521,0.012751677852349097,-1,-1,1,FCL,,0,0,0
2022-10-14,Candlestick,CDL_BULLISH_ENGULFING,Bearish,Bullish,Bearish,Neutral,Negative,0.01310943162791367,0.030315461664745413,0.05230095375038668,1,1,1,FCL,,0,0,0
2022-10-14,Indicator,EMA_Trend,Bullish,Bullish,Bearish,Neutral,Negative,0.01310943162791367,0.030315461664745413,0.05230095375038668,1,1,1,FCL,,1,1,1
2022-10-14,Indicator,MACD_Trend,Bearish,Bullish,Bearish,Neutral,Negative,0.01310943162791367,0.030315461664745413,0.05230095375038668,1,1,1,FCL,,0,0,0
2022-10-14,Indicator,CMF_State,Negative,Bullish,Bearish,Neutral,Negative,0.01310943162791367,0.030315461664745413,0.05230095375038668,1,1,1,FCL,,0,0,0
2022-10-17,Indicator,EMA_Trend,Bullish,Bullish,Bearish,Neutral,Negative,0.016983387479854395,0.038684391733969425,0.05593745603765932,1,1,1,FCL,,1,1,1
2022-10-17,Indicator,MACD_Trend,Bearish,Bullish,Bearish,Neutral,Negative,0.016983387479854395,0.038684391733969425,0.05593745603765932,1,1,1,FCL,,0,0,0
2022-10-17,Indicator,CMF_State,Negative,Bullish,Bearish,Neutral,Negative,0.016983387479854395,0.038684391733969425,0.05593745603765932,1,1,1,FCL,,0,0,0
2022-10-18,Indicator,EMA_Trend,Bullish,Bullish,Bearish,Neutral,Negative,0.02133860249958608,0.03830354461771046,0.013121304723741067,1,1,1,FCL,,1,1,1
2022-10-18,Indicator,MACD_Trend,Bearish,Bullish,Bearish,Neutral,Negative,0.02133860249958608,0.03830354461771046,0.013121304723741067,1,1,1,FCL,,0,0,0
2022-10-18,Indicator,CMF_State,Negative,Bullish,Bearish,Neutral,Negative,0.02133860249958608,0.03830354461771046,0.013121304723741067,1,1,1,FCL,,0,0,0
2022-10-19,Indicator,EMA_Trend,Bullish,Bullish,Bearish,Neutral,Negative,0.016610497318524153,-0.008045615583053722,-0.003633516586656893,1,-1,-1,FCL,,1,0,0
2022-10-19,Indicator,MACD_Trend,Bearish,Bullish,Bearish,Neutral,Negative,0.016610497318524153,-0.008045615583053722,-0.003633516586656893,1,-1,-1,FCL,,0,1,1
2022-10-19,Indicator,CMF_State,Negative,Bullish,Bearish,Neutral,Negative,0.016610497318524153,-0.008045615583053722,-0.003633516586656893,1,-1,-1,FCL,,0,0,0
2022-10-20,Indicator,EMA_Trend,Bullish,Bullish,Bearish,Neutral,Negative,-0.024253254286289883,-0.019913245002464497,-0.03152924615429453,-1,-1,-1,FCL,,0,0,0
2022-10-20,Indicator,MACD_Trend,Bearish,Bullish,Bearish,Neutral,Negative,-0.024253254286289883,-0.019913245002464497,-0.03152924615429453,-1,-1,-1,FCL,,1,1,1
2022-10-20,Indicator,CMF_State,Negative,Bullish,Bearish,Neutral,Negative,-0.024253254286289883,-0.019913245002464497,-0.03152924615429453,-1,-1,-1,FCL,,0,0,0
2022-10-21,Candlestick,CDL_BULLISH_ENGULFING,Bearish,Bullish,Bearish,Neutral,Negative,0.00444788496901527,-0.0074568446166659585,0.0013082155521468852,1,-1,1,FCL,,0,1,0
2022-10-21,Indicator,EMA_Trend,Bullish,Bullish,Bearish,Neutral,Negative,0.00444788496901527,-0.0074568446166659585,0.0013082155521468852,1,-1,1,FCL,,1,0,1
2022-10-21,Indicator,MACD_Trend,Bearish,Bullish,Bearish,Neutral,Negative,0.00444788496901527,-0.0074568446166659585,0.0013082155521468852,1,-1,1,FCL,,0,1,0
2022-10-21,Indicator,CMF_State,Negative,Bullish,Bearish,Neutral,Negative,0.00444788496901527,-0.0074568446166659585,0.0013082155521468852,1,-1,1,FCL,,0,0,0
2022-10-24,Candlestick,CDL_HARAMI,Bullish,Bullish,Bearish,Neutral,Negative,-0.011852013194341482,-0.0031257663676249603,-0.011200801931057658,-1,-1,-1,FCL,,0,0,0
2022-10-24,Candlestick,CDL_HARAMI_CROSS,Bullish,Bullish,Bearish,Neutral,Negative,-0.011852013194341482,-0.0031257663676249603,-0.011200801931057658,-1,-1,-1,FCL,,0,0,0
2022-10-24,Indicator,EMA_Trend,Bullish,Bullish,Bearish,Neutral,Negative,-0.011852013194341482,-0.0031257663676249603,-0.011200801931057658,-1,-1,-1,FCL,,0,0,0
2022-10-24,Indicator,MACD_Trend,Bearish,Bullish,Bearish,Neutral,Negative,-0.011852013194341482,-0.0031257663676249603,-0.011200801931057658,-1,-1,-1,FCL,,1,1,1
2022-10-24,Indicator,CMF_State,Negative,Bullish,Bearish,Neutral,Negative,-0.011852013194341482,-0.0031257663676249603,-0.011200801931057658,-1,-1,-1,FCL,,0,0,0
2022-10-25,Indicator,EMA_Trend,Bullish,Bullish,Bearish,Neutral,Negative,0.008830910899211952,0.0006590220007318681,-0.042177408046842,1,1,-1,FCL,,1,1,0
2022-10-25,Indicator,MACD_Trend,Bearish,Bullish,Bearish,Neutral,Negative,0.008830910899211952,0.0006590220007318681,-0.042177408046842,1,1,-1,FCL,,0,0,1
2022-10-25,Indicator,CMF_State,Negative,Bullish,Bearish,Neutral,Negative,0.008830910899211952,0.0006590220007318681,-0.042177408046842,1,1,-1,FCL,,0,0,0
2022-10-27,Indicator,EMA_Trend,Bullish,Bullish,Bearish,Neutral,Negative,-0.008100355381851054,-0.050561812088597,-0.09041025607492781,-1,-1,-1,FCL,,0,0,0
2022-10-27,Indicator,MACD_Trend,Bearish,Bullish,Bearish,Neutral,Negative,-0.008100355381851054,-0.050561812088597,-0.09041025607492781,-1,-1,-1,FCL,,1,1,1
2022-10-27,Indicator,CMF_State,Negative,Bullish,Bearish,Neutral,Negative,-0.008100355381851054,-0.050561812088597,-0.09041025607492781,-1,-1,-1,FCL,,0,0,0
2022-10-28,Candlestick,CDL_BULLISH_ENGULFING,Bearish,Bullish,Bearish,Neutral,Negative,-0.042808218489777006,-0.08298208507249094,-0.15661225303252346,-1,-1,-1,FCL,,1,1,1
2022-10-28,Indicator,EMA_Trend,Bullish,Bullish,Bearish,Neutral,Negative,-0.042808218489777006,-0.08298208507249094,-0.15661225303252346,-1,-1,-1,FCL,,0,0,0
2022-10-28,Indicator,MACD_Trend,Bearish,Bullish,Bearish,Neutral,Negative,-0.042808218489777006,-0.08298208507249094,-0.15661225303252346,-1,-1,-1,FCL,,1,1,1
2022-10-28,Indicator,CMF_State,Negative,Bullish,Bearish,Neutral,Negative,-0.042808218489777006,-0.08298208507249094,-0.15661225303252346,-1,-1,-1,FCL,,0,0,0
2022-10-31,Candlestick,CDL_THREE_OUTSIDE_UP,Bearish,Bullish,Bearish,Neutral,Negative,-0.04197055110453307,-0.11889366033125615,-0.08297782686123001,-1,-1,-1,FCL,,1,1,1
2022-10-31,Indicator,EMA_Trend,Bullish,Bullish,Bearish,Neutral,Negative,-0.04197055110453307,-0.11889366033125615,-0.08297782686123001,-1,-1,-1,FCL,,0,0,0
2022-10-31,Indicator,MACD_Trend,Bearish,Bullish,Bearish,Neutral,Negative,-0.04197055110453307,-0.11889366033125615,-0.08297782686123001,-1,-1,-1,FCL,,1,1,1
2022-10-31,Indicator,CMF_State,Negative,Bullish,Bearish,Neutral,Negative,-0.04197055110453307,-0.11889366033125615,-0.08297782686123001,-1,-1,-1,FCL,,0,0,0
2022-11-01,Indicator,EMA_Trend,Bullish,Bullish,Bearish,Neutral,Negative,-0.08029305290709954,-0.042803773729476746,-0.024418270183748092,-1,-1,-1,FCL,,0,0,0
2022-11-01,Indicator,MACD_Trend,Bearish,Bullish,Bearish,Neutral,Negative,-0.08029305290709954,-0.042803773729476746,-0.024418270183748092,-1,-1,-1,FCL,,1,1,1
2022-11-01,Indicator,CMF_State,Negative,Bullish,Bearish,Neutral,Negative,-0.08029305290709954,-0.042803773729476746,-0.024418270183748092,-1,-1,-1,FCL,,0,0,0
2022-11-02,Indicator,EMA_Trend,Bullish,Bullish,Bearish,Neutral,Negative,0.040762200716350394,0.06075281142538502,0.0274871731323294,1,1,1,FCL,,1,1,1
2022-11-02,Indicator,MACD_Trend,Bearish,Bullish,Bearish,Neutral,Negative,0.040762200716350394,0.06075281142538502,0.0274871731323294,1,1,1,FCL,,0,0,0
2022-11-02,Indicator,CMF_State,Negative,Bullish,Bearish,Neutral,Negative,0.040762200716350394,0.06075281142538502,0.0274871731323294,1,1,1,FCL,,0,0,0
2022-11-03,Indicator,EMA_Trend,Bullish,Bullish,Bearish,Neutral,Negative,0.019207664051668072,-0.012755101573523664,-0.022208956011275705,1,-1,-1,FCL,,1,0,0
2022-11-03,Indicator,MACD_Trend,Bearish,Bullish,Bearish,Neutral,Negative,0.019207664051668072,-0.012755101573523664,-0.022208956011275705,1,-1,-1,FCL,,0,1,1
2022-11-03,Indicator,CMF_State,Negative,Bullish,Bearish,Neutral,Negative,0.019207664051668072,-0.012755101573523664,-0.022208956011275705,1,-1,-1,FCL,,0,0,0
2022-11-04,Indicator,EMA_Trend,Bullish,Bullish,Bearish,Neutral,Negative,-0.031360405491977716,-0.040636095590470656,-0.04608360899650277,-1,-1,-1,FCL,,0,0,0
2022-11-04,Indicator,MACD_Trend,Bearish,Bullish,Bearish,Neutral,Negative,-0.031360405491977716,-0.040636095590470656,-0.04608360899650277,-1,-1,-1,FCL,,1,1,1
2022-11-04,Indicator,CMF_State,Negative,Bullish,Bearish,Neutral,Negative,-0.031360405491977716,-0.040636095590470656,-0.04608360899650277,-1,-1,-1,FCL,,0,0,0
2022-11-07,Candlestick,CDL_BULLISH_ENGULFING,Bearish,Bullish,Bearish,Neutral,Negative,-0.009575997255412694,-0.01519987783691934,0.010183843932582537,-1,-1,1,FCL,,1,1,0
2022-11-07,Indicator,EMA_Trend,Bullish,Bullish,Bearish,Neutral,Negative,-0.009575997255412694,-0.01519987783691934,0.010183843932582537,-1,-1,1,FCL,,0,0,1
2022-11-07,Indicator,MACD_Trend,Bearish,Bullish,Bearish,Neutral,Negative,-0.009575997255412694,-0.01519987783691934,0.010183843932582537,-1,-1,1,FCL,,1,1,0
2022-11-07,Indicator,CMF_State,Negative,Bullish,Bearish,Neutral,Negative,-0.009575997255412694,-0.01519987783691934,0.010183843932582537,-1,-1,1,FCL,,0,0,0
2022-11-09,Candlestick,CDL_THREE_OUTSIDE_UP,Bearish,Bullish,Bearish,Neutral,Negative,-0.0056782555409826685,0.019950890864153248,0.0349908681436375,-1,1,1,FCL,,1,0,0
2022-11-09,Indicator,EMA_Trend,Bullish,Bullish,Bearish,Neutral,Negative,-0.0056782555409826685,0.019950890864153248,0.0349908681436375,-1,1,1,FCL,,0,1,1
2022-11-09,Indicator,MACD_Trend,Bearish,Bullish,Bearish,Neutral,Negative,-0.0056782555409826685,0.019950890864153248,0.0349908681436375,-1,1,1,FCL,,1,0,0
2022-11-09,Indicator,CMF_State,Negative,Bullish,Bearish,Neutral,Negative,-0.0056782555409826685,0.019950890864153248,0.0349908681436375,-1,1,1,FCL,,0,0,0
2022-11-10,Indicator,EMA_Trend,Bullish,Bullish,Bearish,Neutral,Negative,0.025775506316700447,0.04090137212753708,0.05185981527987149,1,1,1,FCL,,1,1,1
2022-11-10,Indicator,MACD_Trend,Bearish,Bullish,Bearish,Neutral,Negative,0.025775506316700447,0.04090137212753708,0.05185981527987149,1,1,1,FCL,,0,0,0
2022-11-10,Indicator,CMF_State,Negative,Bullish,Bearish,Neutral,Negative,0.025775506316700447,0.04090137212753708,0.05185981527987149,1,1,1,FCL,,0,0,0
2022-11-11,Indicator,EMA_Trend,Bullish,Bullish,Bearish,Neutral,Negative,0.014745785717919846,0.025428867040151237,0.019410208979754096,1,1,1,FCL,,1,1,1
2022-11-11,Indicator,MACD_Trend,Bearish,Bullish,Bearish,Neutral,Negative,0.014745785717919846,0.025428867040151237,0.019410208979754096,1,1,1,FCL,,0,0,0
2022-11-11,Indicator,CMF_State,Negative,Bullish,Bearish,Neutral,Negative,0.014745785717919846,0.025428867040151237,0.019410208979754096,1,1,1,FCL,,0,0,0
2022-11-14,Indicator,EMA_Trend,Bullish,Bullish,Bearish,Neutral,Negative,0.010527840048799142,0.0045966421614989095,0.0013344652229041465,1,1,1,FCL,,1,1,1
2022-11-14,Indicator,MACD_Trend,Bearish,Bullish,Bearish,Neutral,Negative,0.010527840048799142,0.0045966421614989095,0.0013344652229041465,1,1,1,FCL,,0,0,0
2022-11-14,Indicator,CMF_State,Negative,Bullish,Bearish,Neutral,Negative,0.010527840048799142,0.0045966421614989095,0.0013344652229041465,1,1,1,FCL,,0,0,0
2022-11-15,Candlestick,CDL_SHOOTING_STAR,Bearish,Bullish,Bearish,Neutral,Negative,-0.005869405722670584,-0.009097596782144168,-0.021863572140957466,-1,-1,-1,FCL,,1,1,1
2022-11-15,Indicator,EMA_Trend,Bullish,Bullish,Bearish,Neutral,Negative,-0.005869405722670584,-0.009097596782144168,-0.021863572140957466,-1,-1,-1,FCL,,0,0,0
2022-11-15,Indicator,MACD_Trend,Bearish,Bullish,Bearish,Neutral,Negative,-0.005869405722670584,-0.009097596782144168,-0.021863572140957466,-1,-1,-1,FCL,,1,1,1
2022-11-15,Indicator,CMF_State,Negative,Bullish,Bearish,Neutral,Negative,-0.005869405722670584,-0.009097596782144168,-0.021863572140957466,-1,-1,-1,FCL,,0,0,0
2022-11-16,Candlestick,CDL_BULLISH_ENGULFING,Bearish,Bullish,Bearish,Neutral,Negative,-0.003247250490083009,-0.01608859692112541,-0.027601494032518437,-1,-1,-1,FCL,,1,1,1
2022-11-16,Indicator,EMA_Trend,Bullish,Bullish,Bearish,Neutral,Negative,-0.003247250490083009,-0.01608859692112541,-0.027601494032518437,-1,-1,-1,FCL,,0,0,0
2022-11-16,Indicator,MACD_Trend,Bearish,Bullish,Bearish,Neutral,Negative,-0.003247250490083009,-0.01608859692112541,-0.027601494032518437,-1,-1,-1,FCL,,1,1,1
2022-11-16,Indicator,CMF_State,Negative,Bullish,Bearish,Neutral,Negative,-0.003247250490083009,-0.01608859692112541,-0.027601494032518437,-1,-1,-1,FCL,,0,0,0
2022-11-17,Candlestick,CDL_THREE_OUTSIDE_UP,Bearish,Bullish,Bearish,Neutral,Negative,-0.012883181347988493,-0.024433585514973433,-0.03805717854523383,-1,-1,-1,FCL,,1,1,1
2022-11-17,Indicator,EMA_Trend,Bullish,Bullish,Bearish,Neutral,Negative,-0.012883181347988493,-0.024433585514973433,-0.03805717854523383,-1,-1,-1,FCL,,0,0,0
2022-11-17,Indicator,MACD_Trend,Bearish,Bullish,Bearish,Neutral,Negative,-0.012883181347988493,-0.024433585514973433,-0.03805717854523383,-1,-1,-1,FCL,,1,1,1
2022-11-17,Indicator,CMF_State,Negative,Bullish,Bearish,Neutral,Negative,-0.012883181347988493,-0.024433585514973433,-0.03805717854523383,-1,-1,-1,FCL,,0,0,0
2022-11-18,Indicator,EMA_Trend,Bullish,Bullish,Bearish,Neutral,Negative,-0.011701152233185463,-0.025502551189050204,-0.039003901818547404,-1,-1,-1,FCL,,0,0,0
2022-11-18,Indicator,MACD_Trend,Bearish,Bullish,Bearish,Neutral,Negative,-0.011701152233185463,-0.025502551189050204,-0.039003901818547404,-1,-1,-1,FCL,,1,1,1
2022-11-18,Indicator,CMF_State,Negative,Bullish,Bearish,Neutral,Negative,-0.011701152233185463,-0.025502551189050204,-0.039003901818547404,-1,-1,-1,FCL,,0,0,0
2022-11-21,Indicator,EMA_Trend,Bullish,Bullish,Bearish,Neutral,Negative,-0.013964803244535529,-0.027626005683458965,-0.032483247989420594,-1,-1,-1,FCL,,0,0,0
2022-11-21,Indicator,MACD_Trend,Bearish,Bullish,Bearish,Neutral,Negative,-0.013964803244535529,-0.027626005683458965,-0.032483247989420594,-1,-1,-1,FCL,,1,1,1
2022-11-21,Indicator,CMF_State,Negative,Bullish,Bearish,Neutral,Negative,-0.013964803244535529,-0.027626005683458965,-0.032483247989420594,-1,-1,-1,FCL,,0,0,0
2022-11-22,Indicator,EMA_Trend,Bullish,Bullish,Bearish,Neutral,Negative,-0.013854680323659219,-0.018780713716731068,-0.017857105945046192,-1,-1,-1,FCL,,0,0,0
2022-11-22,Indicator,MACD_Trend,Bearish,Bullish,Bearish,Neutral,Negative,-0.013854680323659219,-0.018780713716731068,-0.017857105945046192,-1,-1,-1,FCL,,1,1,1
2022-11-22,Indicator,CMF_State,Negative,Bullish,Bearish,Neutral,Negative,-0.013854680323659219,-0.018780713716731068,-0.017857105945046192,-1,-1,-1,FCL,,0,0,0
2022-11-23,Indicator,EMA_Trend,Bullish,Bullish,Bearish,Neutral,Negative,-0.004995240858303385,-0.004058657016899447,0.00031222637317207536,-1,-1,1,FCL,,0,0,1
2022-11-23,Indicator,MACD_Trend,Bearish,Bullish,Bearish,Neutral,Negative,-0.004995240858303385,-0.004058657016899447,0.00031222637317207536,-1,-1,1,FCL,,1,1,0
2022-11-23,Indicator,CMF_State,Negative,Bullish,Bearish,Neutral,Negative,-0.004995240858303385,-0.004058657016899447,0.00031222637317207536,-1,-1,1,FCL,,0,0,0
2022-11-24,Indicator,EMA_Trend,Bullish,Bullish,Bearish,Neutral,Negative,0.0009412857906445637,0.005334112407717084,-0.009727034781228161,1,1,-1,FCL,,1,1,0
2022-11-24,Indicator,MACD_Trend,Bearish,Bullish,Bearish,Neutral,Negative,0.0009412857906445637,0.005334112407717084,-0.009727034781228161,1,1,-1,FCL,,0,0,1
2022-11-24,Indicator,CMF_State,Negative,Bullish,Bearish,Neutral,Negative,0.0009412857906445637,0.005334112407717084,-0.009727034781228161,1,1,-1,FCL,,0,0,0
2022-11-25,Indicator,EMA_Trend,Bullish,Bullish,Bearish,Neutral,Negative,0.004388695600264558,-0.010658288076753508,0.005329191871571215,1,-1,1,FCL,,1,0,1
2022-11-25,Indicator,MACD_Trend,Bearish,Bullish,Bearish,Neutral,Negative,0.004388695600264558,-0.010658288076753508,0.005329191871571215,1,-1,1,FCL,,0,1,0
2022-11-25,Indicator,CMF_State,Negative,Bullish,Bearish,Neutral,Negative,0.004388695600264558,-0.010658288076753508,0.005329191871571215,1,-1,1,FCL,,0,0,0
2022-11-28,Indicator,EMA_Trend,Bearish,Bearish,Bearish,Neutral,Negative,-0.014981235594278886,0.0009363867548755067,-0.0054619227008019244,-1,1,-1,FCL,,1,0,1
2022-11-28,Indicator,MACD_Trend,Bearish,Bearish,Bearish,Neutral,Negative,-0.014981235594278886,0.0009363867548755067,-0.0054619227008019244,-1,1,-1,FCL,,1,0,1
2022-11-28,Indicator,CMF_State,Negative,Bearish,Bearish,Neutral,Negative,-0.014981235594278886,0.0009363867548755067,-0.0054619227008019244,-1,1,-1,FCL,,0,0,0
2022-11-29,Candlestick,CDL_BULLISH_ENGULFING,Bearish,Bearish,Bearish,Neutral,Negative,0.016159714844374395,0.009664092946716663,0.0006336555310062497,1,1,1,FCL,,0,0,0
2022-11-29,Indicator,EMA_Trend,Bearish,Bearish,Bearish,Neutral,Negative,0.016159714844374395,0.009664092946716663,0.0006336555310062497,1,1,1,FCL,,0,0,0
2022-11-29,Indicator,MACD_Trend,Bearish,Bearish,Bearish,Neutral,Negative,0.016159714844374395,0.009664092946716663,0.0006336555310062497,1,1,1,FCL,,0,0,0
2022-11-29,Indicator,CMF_State,Negative,Bearish,Bearish,Neutral,Negative,0.016159714844374395,0.009664092946716663,0.0006336555310062497,1,1,1,FCL,,0,0,0
2022-11-30,Indicator,EMA_Trend,Bearish,Bearish,Bearish,Neutral,Negative,-0.006392323768367847,-0.015279152564856235,-0.005145071254307632,-1,-1,-1,FCL,,1,1,1
2022-11-30,Indicator,MACD_Trend,Bearish,Bearish,Bearish,Neutral,Negative,-0.006392323768367847,-0.015279152564856235,-0.005145071254307632,-1,-1,-1,FCL,,1,1,1
2022-11-30,Indicator,CMF_State,Negative,Bearish,Bearish,Neutral,Negative,-0.006392323768367847,-0.015279152564856235,-0.005145071254307632,-1,-1,-1,FCL,,0,0,0
2022-12-01,Indicator,EMA_Trend,Bearish,Bearish,Bearish,Neutral,Negative,-0.008944001751468589,0.0012552766488183043,-0.004079673051527011,-1,1,-1,FCL,,1,0,1
2022-12-01,Indicator,MACD_Trend,Bearish,Bearish,Bearish,Neutral,Negative,-0.008944001751468589,0.0012552766488183043,-0.004079673051527011,-1,1,-1,FCL,,1,0,1
2022-12-01,Indicator,CMF_State,Negative,Bearish,Bearish,Neutral,Negative,-0.008944001751468589,0.0012552766488183043,-0.004079673051527011,-1,1,-1,FCL,,0,0,0
2022-12-02,Indicator,EMA_Trend,Bearish,Bearish,Bearish,Neutral,Negative,0.010291324020349935,0.004908227898865691,-0.004116490953828045,1,1,-1,FCL,,0,0,1
2022-12-02,Indicator,MACD_Trend,Bearish,Bearish,Bearish,Neutral,Negative,0.010291324020349935,0.004908227898865691,-0.004116490953828045,1,1,-1,FCL,,0,0,1
2022-12-02,Indicator,CMF_State,Negative,Bearish,Bearish,Neutral,Negative,0.010291324020349935,0.004908227898865691,-0.004116490953828045,1,1,-1,FCL,,0,0,0
2022-12-05,Indicator,EMA_Trend,Bearish,Bearish,Bearish,Neutral,Negative,-0.005328261258408906,-0.014261049888900867,-0.015671525438968215,-1,-1,-1,FCL,,1,1,1
2022-12-05,Indicator,MACD_Trend,Bearish,Bearish,Bearish,Neutral,Negative,-0.005328261258408906,-0.014261049888900867,-0.015671525438968215,-1,-1,-1,FCL,,1,1,1
2022-12-05,Indicator,CMF_State,Negative,Bearish,Bearish,Neutral,Negative,-0.005328261258408906,-0.014261049888900867,-0.015671525438968215,-1,-1,-1,FCL,,0,0,0
2022-12-06,Candlestick,CDL_BULLISH_ENGULFING,Bearish,Bearish,Bullish,Neutral,Negative,-0.008980639825751258,-0.010398671016475292,-0.027887209495212284,-1,-1,-1,FCL,,1,1,1
2022-12-06,Indicator,EMA_Trend,Bearish,Bearish,Bullish,Neutral,Negative,-0.008980639825751258,-0.010398671016475292,-0.027887209495212284,-1,-1,-1,FCL,,1,1,1
2022-12-06,Indicator,MACD_Trend,Bullish,Bearish,Bullish,Neutral,Negative,-0.008980639825751258,-0.010398671016475292,-0.027887209495212284,-1,-1,-1,FCL,,0,0,0
2022-12-06,Indicator,CMF_State,Negative,Bearish,Bullish,Neutral,Negative,-0.008980639825751258,-0.010398671016475292,-0.027887209495212284,-1,-1,-1,FCL,,0,0,0
2022-12-07,Candlestick,CDL_THREE_OUTSIDE_UP,Bearish,Bearish,Bullish,Neutral,Negative,-0.0014308814214030185,-0.019077901430842648,-0.037042905871174536,-1,-1,-1,FCL,,1,1,1
2022-12-07,Indicator,EMA_Trend,Bearish,Bearish,Bullish,Neutral,Negative,-0.0014308814214030185,-0.019077901430842648,-0.037042905871174536,-1,-1,-1,FCL,,1,1,1
2022-12-07,Indicator,MACD_Trend,Bullish,Bearish,Bullish,Neutral,Negative,-0.0014308814214030185,-0.019077901430842648,-0.037042905871174536,-1,-1,-1,FCL,,0,0,0
2022-12-07,Indicator,CMF_State,Negative,Bearish,Bullish,Neutral,Negative,-0.0014308814214030185,-0.019077901430842648,-0.037042905871174536,-1,-1,-1,FCL,,0,0,0
2022-12-08,Indicator,EMA_Trend,Bearish,Bearish,Bullish,Neutral,Negative,-0.017672306985177966,-0.035663054051243925,-0.07212225689184215,-1,-1,-1,FCL,,1,1,1
2022-12-08,Indicator,MACD_Trend,Bullish,Bearish,Bullish,Neutral,Negative,-0.017672306985177966,-0.035663054051243925,-0.07212225689184215,-1,-1,-1,FCL,,0,0,0
2022-12-08,Indicator,CMF_State,Negative,Bearish,Bullish,Neutral,Negative,-0.017672306985177966,-0.035663054051243925,-0.07212225689184215,-1,-1,-1,FCL,,0,0,0
2022-12-09,Indicator,EMA_Trend,Bearish,Bearish,Bearish,Neutral,Negative,-0.018314404850840793,-0.0554295173533732,-0.0850891410048622,-1,-1,-1,FCL,,1,1,1
2022-12-09,Indicator,MACD_Trend,Bearish,Bearish,Bearish,Neutral,Negative,-0.018314404850840793,-0.0554295173533732,-0.0850891410048622,-1,-1,-1,FCL,,1,1,1
2022-12-09,Indicator,CMF_State,Negative,Bearish,Bearish,Neutral,Negative,-0.018314404850840793,-0.0554295173533732,-0.0850891410048622,-1,-1,-1,FCL,,0,0,0
2022-12-12,Indicator,EMA_Trend,Bearish,Bearish,Bearish,Neutral,Negative,-0.03780753500502676,-0.06802049096368334,-0.13670131438707533,-1,-1,-1,FCL,,1,1,1
2022-12-12,Indicator,MACD_Trend,Bearish,Bearish,Bearish,Neutral,Negative,-0.03780753500502676,-0.06802049096368334,-0.13670131438707533,-1,-1,-1,FCL,,1,1,1
2022-12-12,Indicator,CMF_State,Negative,Bearish,Bearish,Neutral,Negative,-0.03780753500502676,-0.06802049096368334,-0.13670131438707533,-1,-1,-1,FCL,,0,0,0
2022-12-13,Indicator,EMA_Trend,Bearish,Bearish,Bearish,Oversold,Negative,-0.031400116980561,-0.102779623599074,-0.09299933655160786,-1,-1,-1,FCL,,1,1,1
2022-12-13,Indicator,MACD_Trend,Bearish,Bearish,Bearish,Oversold,Negative,-0.031400116980561,-0.102779623599074,-0.09299933655160786,-1,-1,-1,FCL,,1,1,1
2022-12-13,Indicator,RSI_State,Oversold,Bearish,Bearish,Oversold,Negative,-0.031400116980561,-0.102779623599074,-0.09299933655160786,-1,-1,-1,FCL,,0,0,0
2022-12-13,Indicator,CMF_State,Negative,Bearish,Bearish,Oversold,Negative,-0.031400116980561,-0.102779623599074,-0.09299933655160786,-1,-1,-1,FCL,,0,0,0
2022-12-14,Indicator,EMA_Trend,Bearish,Bearish,Bearish,Oversold,Negative,-0.07369349085197074,-0.06359614599479624,-0.05527017220023256,-1,-1,-1,FCL,,1,1,1
2022-12-14,Indicator,MACD_Trend,Bearish,Bearish,Bearish,Oversold,Negative,-0.07369349085197074,-0.06359614599479624,-0.05527017220023256,-1,-1,-1,FCL,,1,1,1
2022-12-14,Indicator,RSI_State,Oversold,Bearish,Bearish,Oversold,Negative,-0.07369349085197074,-0.06359614599479624,-0.05527017220023256,-1,-1,-1,FCL,,0,0,0
2022-12-14,Indicator,CMF_State,Negative,Bearish,Bearish,Oversold,Negative,-0.07369349085197074,-0.06359614599479624,-0.05527017220023256,-1,-1,-1,FCL,,0,0,0
2022-12-15,Indicator,EMA_Trend,Bearish,Bearish,Bearish,Oversold,Negative,0.010900651952086005,0.019889009166828675,0.010135757402015111,1,1,1,FCL,,0,0,0
2022-12-15,Indicator,MACD_Trend,Bearish,Bearish,Bearish,Oversold,Negative,0.010900651952086005,0.019889009166828675,0.010135757402015111,1,1,1,FCL,,0,0,0
2022-12-15,Indicator,RSI_State,Oversold,Bearish,Bearish,Oversold,Negative,0.010900651952086005,0.019889009166828675,0.010135757402015111,1,1,1,FCL,,0,0,0
2022-12-15,Indicator,CMF_State,Negative,Bearish,Bearish,Oversold,Negative,0.010900651952086005,0.019889009166828675,0.010135757402015111,1,1,1,FCL,,0,0,0
2022-12-16,Candlestick,CDL_HARAMI,Bullish,Bearish,Bearish,Oversold,Negative,0.00889143477886356,-0.0007566466087383095,0.001513524148838874,1,-1,1,FCL,,1,0,1
2022-12-16,Indicator,EMA_Trend,Bearish,Bearish,Bearish,Oversold,Negative,0.00889143477886356,-0.0007566466087383095,0.001513524148838874,1,-1,1,FCL,,0,1,0
2022-12-16,Indicator,MACD_Trend,Bearish,Bearish,Bearish,Oversold,Negative,0.00889143477886356,-0.0007566466087383095,0.001513524148838874,1,-1,1,FCL,,0,1,0
2022-12-16,Indicator,RSI_State,Oversold,Bearish,Bearish,Oversold,Negative,0.00889143477886356,-0.0007566466087383095,0.001513524148838874,1,-1,1,FCL,,0,0,0
2022-12-16,Indicator,CMF_State,Negative,Bearish,Bearish,Oversold,Negative,0.00889143477886356,-0.0007566466087383095,0.001513524148838874,1,-1,1,FCL,,0,0,0
2022-12-19,Indicator,EMA_Trend,Bearish,Bearish,Bearish,Oversold,Negative,-0.00956305213327202,-0.007312888558362873,-0.05775358803294317,-1,-1,-1,FCL,,1,1,1
2022-12-19,Indicator,MACD_Trend,Bearish,Bearish,Bearish,Oversold,Negative,-0.00956305213327202,-0.007312888558362873,-0.05775358803294317,-1,-1,-1,FCL,,1,1,1
2022-12-19,Indicator,RSI_State,Oversold,Bearish,Bearish,Oversold,Negative,-0.00956305213327202,-0.007312888558362873,-0.05775358803294317,-1,-1,-1,FCL,,0,0,0
2022-12-19,Indicator,CMF_State,Negative,Bearish,Bearish,Oversold,Negative,-0.00956305213327202,-0.007312888558362873,-0.05775358803294317,-1,-1,-1,FCL,,0,0,0
2022-12-20,Indicator,EMA_Trend,Bearish,Bearish,Bearish,Oversold,Negative,0.002271889775271152,-0.04865583417850805,-0.17020072384781693,1,-1,-1,FCL,,0,1,1
2022-12-20,Indicator,MACD_Trend,Bearish,Bearish,Bearish,Oversold,Negative,0.002271889775271152,-0.04865583417850805,-0.17020072384781693,1,-1,-1,FCL,,0,1,1
2022-12-20,Indicator,RSI_State,Oversold,Bearish,Bearish,Oversold,Negative,0.002271889775271152,-0.04865583417850805,-0.17020072384781693,1,-1,-1,FCL,,0,0,0
2022-12-20,Indicator,CMF_State,Negative,Bearish,Bearish,Oversold,Negative,0.002271889775271152,-0.04865583417850805,-0.17020072384781693,1,-1,-1,FCL,,0,0,0
2022-12-21,Indicator,EMA_Trend,Bearish,Bearish,Bearish,Oversold,Negative,-0.050812284045198775,-0.1720816630522879,-0.053456775605307594,-1,-1,-1,FCL,,1,1,1
2022-12-21,Indicator,MACD_Trend,Bearish,Bearish,Bearish,Oversold,Negative,-0.050812284045198775,-0.1720816630522879,-0.053456775605307594,-1,-1,-1,FCL,,1,1,1
2022-12-21,Indicator,RSI_State,Oversold,Bearish,Bearish,Oversold,Negative,-0.050812284045198775,-0.1720816630522879,-0.053456775605307594,-1,-1,-1,FCL,,0,0,0
2022-12-21,Indicator,CMF_State,Negative,Bearish,Bearish,Oversold,Negative,-0.050812284045198775,-0.1720816630522879,-0.053456775605307594,-1,-1,-1,FCL,,0,0,0
2022-12-22,Indicator,EMA_Trend,Bearish,Bearish,Bearish,Oversold,Negative,-0.12776121832245013,-0.002786057505441586,0.04517415364583344,-1,-1,1,FCL,,1,1,0
2022-12-22,Indicator,MACD_Trend,Bearish,Bearish,Bearish,Oversold,Negative,-0.12776121832245013,-0.002786057505441586,0.04517415364583344,-1,-1,1,FCL,,1,1,0
2022-12-22,Indicator,RSI_State,Oversold,Bearish,Bearish,Oversold,Negative,-0.12776121832245013,-0.002786057505441586,0.04517415364583344,-1,-1,1,FCL,,0,0,0
2022-12-22,Indicator,CMF_State,Negative,Bearish,Bearish,Oversold,Negative,-0.12776121832245013,-0.002786057505441586,0.04517415364583344,-1,-1,1,FCL,,0,0,0
2022-12-23,Indicator,EMA_Trend,Bearish,Bearish,Bearish,Oversold,Negative,0.14328090362669688,0.1982660890584138,0.18001374996918984,1,1,1,FCL,,0,0,0
2022-12-23,Indicator,MACD_Trend,Bearish,Bearish,Bearish,Oversold,Negative,0.14328090362669688,0.1982660890584138,0.18001374996918984,1,1,1,FCL,,0,0,0
2022-12-23,Indicator,RSI_State,Oversold,Bearish,Bearish,Oversold,Negative,0.14328090362669688,0.1982660890584138,0.18001374996918984,1,1,1,FCL,,0,0,0
2022-12-23,Indicator,CMF_State,Negative,Bearish,Bearish,Oversold,Negative,0.14328090362669688,0.1982660890584138,0.18001374996918984,1,1,1,FCL,,0,0,0
2022-12-26,Candlestick,CDL_BULLISH_ENGULFING,Bullish,Bearish,Bearish,Neutral,Negative,0.04809420437032896,0.03212932729477913,0.005388109472294511,1,1,1,FCL,,1,1,1
2022-12-26,Indicator,EMA_Trend,Bearish,Bearish,Bearish,Neutral,Negative,0.04809420437032896,0.03212932729477913,0.005388109472294511,1,1,1,FCL,,0,0,0
2022-12-26,Indicator,MACD_Trend,Bearish,Bearish,Bearish,Neutral,Negative,0.04809420437032896,0.03212932729477913,0.005388109472294511,1,1,1,FCL,,0,0,0
2022-12-26,Indicator,CMF_State,Negative,Bearish,Bearish,Neutral,Negative,0.04809420437032896,0.03212932729477913,0.005388109472294511,1,1,1,FCL,,0,0,0
2022-12-27,Candlestick,CDL_THREE_OUTSIDE_UP,Bullish,Bearish,Bearish,Neutral,Negative,-0.015232292105976653,-0.04074642786875382,-0.03789037309888321,-1,-1,-1,FCL,,0,0,0
2022-12-27,Indicator,EMA_Trend,Bearish,Bearish,Bearish,Neutral,Negative,-0.015232292105976653,-0.04074642786875382,-0.03789037309888321,-1,-1,-1,FCL,,1,1,1
2022-12-27,Indicator,MACD_Trend,Bearish,Bearish,Bearish,Neutral,Negative,-0.015232292105976653,-0.04074642786875382,-0.03789037309888321,-1,-1,-1,FCL,,1,1,1
2022-12-27,Indicator,CMF_State,Negative,Bearish,Bearish,Neutral,Negative,-0.015232292105976653,-0.04074642786875382,-0.03789037309888321,-1,-1,-1,FCL,,0,0,0
2022-12-28,Candlestick,CDL_BULLISH_ENGULFING,Bearish,Bearish,Bearish,Neutral,Negative,-0.025908785958610014,-0.023008554008500215,-0.014501159750548998,-1,-1,-1,FCL,,1,1,1
2022-12-28,Indicator,EMA_Trend,Bearish,Bearish,Bearish,Neutral,Negative,-0.025908785958610014,-0.023008554008500215,-0.014501159750548998,-1,-1,-1,FCL,,1,1,1
2022-12-28,Indicator,MACD_Trend,Bearish,Bearish,Bearish,Neutral,Negative,-0.025908785958610014,-0.023008554008500215,-0.014501159750548998,-1,-1,-1,FCL,,1,1,1
2022-12-28,Indicator,CMF_State,Negative,Bearish,Bearish,Neutral,Negative,-0.025908785958610014,-0.023008554008500215,-0.014501159750548998,-1,-1,-1,FCL,,0,0,0
2022-12-29,Candlestick,CDL_THREE_OUTSIDE_UP,Bearish,Bearish,Bearish,Neutral,Negative,0.002977372045146698,0.011711045170741397,0.0007940143385369858,1,1,1,FCL,,0,0,0
2022-12-29,Candlestick,CDL_INVERTED_HAMMER,Bullish,Bearish,Bearish,Neutral,Negative,0.002977372045146698,0.011711045170741397,0.0007940143385369858,1,1,1,FCL,,1,1,1
2022-12-29,Indicator,EMA_Trend,Bearish,Bearish,Bearish,Neutral,Negative,0.002977372045146698,0.011711045170741397,0.0007940143385369858,1,1,1,FCL,,0,0,0
2022-12-29,Indicator,MACD_Trend,Bearish,Bearish,Bearish,Neutral,Negative,0.002977372045146698,0.011711045170741397,0.0007940143385369858,1,1,1,FCL,,0,0,0
2022-12-29,Indicator,CMF_State,Negative,Bearish,Bearish,Neutral,Negative,0.002977372045146698,0.011711045170741397,0.0007940143385369858,1,1,1,FCL,,0,0,0
2022-12-30,Candlestick,CDL_SHOOTING_STAR,Bearish,Bearish,Bullish,Neutral,Negative,0.008707746923328985,-0.0021768763358614995,-0.006134921157385342,1,-1,-1,FCL,,0,1,1
2022-12-30,Indicator,EMA_Trend,Bearish,Bearish,Bullish,Neutral,Negative,0.008707746923328985,-0.0021768763358614995,-0.006134921157385342,1,-1,-1,FCL,,0,1,1
2022-12-30,Indicator,MACD_Trend,Bullish,Bearish,Bullish,Neutral,Negative,0.008707746923328985,-0.0021768763358614995,-0.006134921157385342,1,-1,-1,FCL,,1,0,0
2022-12-30,Indicator,CMF_State,Negative,Bearish,Bullish,Neutral,Negative,0.008707746923328985,-0.0021768763358614995,-0.006134921157385342,1,-1,-1,FCL,,0,0,0
2023-01-02,Indicator,EMA_Trend,Bearish,Bearish,Bullish,Neutral,Negative,-0.010790660914808847,-0.014714537611102974,-0.03276439436349854,-1,-1,-1,FCL,,1,1,1
2023-01-02,Indicator,MACD_Trend,Bullish,Bearish,Bullish,Neutral,Negative,-0.010790660914808847,-0.014714537611102974,-0.03276439436349854,-1,-1,-1,FCL,,0,0,0
2023-01-02,Indicator,CMF_State,Negative,Bearish,Bullish,Neutral,Negative,-0.010790660914808847,-0.014714537611102974,-0.03276439436349854,-1,-1,-1,FCL,,0,0,0
2023-01-03,Indicator,EMA_Trend,Bearish,Bearish,Bullish,Neutral,Negative,-0.003966679792896888,-0.022213431050914667,-0.03649350251603545,-1,-1,-1,FCL,,1,1,1
2023-01-03,Indicator,MACD_Trend,Bullish,Bearish,Bullish,Neutral,Negative,-0.003966679792896888,-0.022213431050914667,-0.03649350251603545,-1,-1,-1,FCL,,0,0,0
2023-01-03,Indicator,CMF_State,Negative,Bearish,Bullish,Neutral,Negative,-0.003966679792896888,-0.022213431050914667,-0.03649350251603545,-1,-1,-1,FCL,,0,0,0
2023-01-04,Indicator,EMA_Trend,Bearish,Bearish,Bullish,Neutral,Negative,-0.018319418525299613,-0.03265636004664507,-0.01214656701561534,-1,-1,-1,FCL,,1,1,1
2023-01-04,Indicator,MACD_Trend,Bullish,Bearish,Bullish,Neutral,Negative,-0.018319418525299613,-0.03265636004664507,-0.01214656701561534,-1,-1,-1,FCL,,0,0,0
2023-01-04,Indicator,CMF_State,Negative,Bearish,Bullish,Neutral,Negative,-0.018319418525299613,-0.03265636004664507,-0.01214656701561534,-1,-1,-1,FCL,,0,0,0
2023-01-05,Indicator,EMA_Trend,Bearish,Bearish,Bullish,Neutral,Negative,-0.014604487235357344,0.0062880448347173434,0.009736283555717762,-1,1,1,FCL,,1,0,0
2023-01-05,Indicator,MACD_Trend,Bullish,Bearish,Bullish,Neutral,Negative,-0.014604487235357344,0.0062880448347173434,0.009736283555717762,-1,1,1,FCL,,0,1,1
2023-01-05,Indicator,CMF_State,Negative,Bearish,Bullish,Neutral,Negative,-0.014604487235357344,0.0062880448347173434,0.009736283555717762,-1,1,1,FCL,,0,0,0
2023-01-06,Indicator,EMA_Trend,Bearish,Bearish,Bullish,Neutral,Negative,0.021202179022977496,0.02470152388129332,0.024084010911950227,1,1,1,FCL,,0,0,0
2023-01-06,Indicator,MACD_Trend,Bullish,Bearish,Bullish,Neutral,Negative,0.021202179022977496,0.02470152388129332,0.024084010911950227,1,1,1,FCL,,1,1,1
2023-01-06,Indicator,CMF_State,Negative,Bearish,Bullish,Neutral,Negative,0.021202179022977496,0.02470152388129332,0.024084010911950227,1,1,1,FCL,,0,0,0
2023-01-09,Indicator,EMA_Trend,Bearish,Bearish,Bullish,Neutral,Negative,0.0034266915310185997,0.002821999353477711,-0.02056039524599995,1,1,-1,FCL,,0,0,1
2023-01-09,Indicator,MACD_Trend,Bullish,Bearish,Bullish,Neutral,Negative,0.0034266915310185997,0.002821999353477711,-0.02056039524599995,1,1,-1,FCL,,1,1,0
2023-01-09,Indicator,CMF_State,Negative,Bearish,Bullish,Neutral,Negative,0.0034266915310185997,0.002821999353477711,-0.02056039524599995,1,1,-1,FCL,,0,0,0
2023-01-10,Indicator,EMA_Trend,Bearish,Bearish,Bullish,Neutral,Negative,-0.0006026271601549116,-0.023905171129561253,-0.007834459606508526,-1,-1,-1,FCL,,1,1,1
2023-01-10,Indicator,MACD_Trend,Bullish,Bearish,Bullish,Neutral,Negative,-0.0006026271601549116,-0.023905171129561253,-0.007834459606508526,-1,-1,-1,FCL,,0,0,0
2023-01-10,Indicator,CMF_State,Negative,Bearish,Bullish,Neutral,Negative,-0.0006026271601549116,-0.023905171129561253,-0.007834459606508526,-1,-1,-1,FCL,,0,0,0
2023-01-11,Indicator,EMA_Trend,Bearish,Bearish,Bullish,Neutral,Negative,-0.02331659518294593,-0.0072361931728957,-0.027738668930590515,-1,-1,-1,FCL,,1,1,1
2023-01-11,Indicator,MACD_Trend,Bullish,Bearish,Bullish,Neutral,Negative,-0.02331659518294593,-0.0072361931728957,-0.027738668930590515,-1,-1,-1,FCL,,0,0,0
2023-01-11,Indicator,CMF_State,Negative,Bearish,Bullish,Neutral,Negative,-0.02331659518294593,-0.0072361931728957,-0.027738668930590515,-1,-1,-1,FCL,,0,0,0
2023-01-12,Indicator,EMA_Trend,Bearish,Bearish,Bullish,Neutral,Negative,0.01646429327122889,-0.004527642965811318,0.005762540328706711,1,-1,1,FCL,,0,1,0
2023-01-12,Indicator,MACD_Trend,Bullish,Bearish,Bullish,Neutral,Negative,0.01646429327122889,-0.004527642965811318,0.005762540328706711,1,-1,1,FCL,,1,0,1
2023-01-12,Indicator,CMF_State,Negative,Bearish,Bullish,Neutral,Negative,0.01646429327122889,-0.004527642965811318,0.005762540328706711,1,-1,1,FCL,,0,0,0
2023-01-13,Indicator,EMA_Trend,Bearish,Bearish,Bullish,Neutral,Negative,-0.020651917018632227,-0.010528410110778541,-0.014577812873920015,-1,-1,-1,FCL,,1,1,1
2023-01-13,Indicator,MACD_Trend,Bullish,Bearish,Bullish,Neutral,Negative,-0.020651917018632227,-0.010528410110778541,-0.014577812873920015,-1,-1,-1,FCL,,0,0,0
2023-01-13,Indicator,CMF_State,Negative,Bearish,Bullish,Neutral,Negative,-0.020651917018632227,-0.010528410110778541,-0.014577812873920015,-1,-1,-1,FCL,,0,0,0
2023-01-16,Candlestick,CDL_BULLISH_ENGULFING,Bearish,Bearish,Bullish,Neutral,Negative,0.010336985474087346,0.006202191284452541,-0.00640894361232458,1,1,-1,FCL,,0,0,1
2023-01-16,Indicator,EMA_Trend,Bearish,Bearish,Bullish,Neutral,Negative,0.010336985474087346,0.006202191284452541,-0.00640894361232458,1,1,-1,FCL,,0,0,1
2023-01-16,Indicator,MACD_Trend,Bullish,Bearish,Bullish,Neutral,Negative,0.010336985474087346,0.006202191284452541,-0.00640894361232458,1,1,-1,FCL,,1,1,0
2023-01-16,Indicator,CMF_State,Negative,Bearish,Bullish,Neutral,Negative,0.010336985474087346,0.006202191284452541,-0.00640894361232458,1,1,-1,FCL,,0,0,0
2023-01-17,Candlestick,CDL_HARAMI,Bullish,Bearish,Bullish,Neutral,Negative,-0.004092490178110975,-0.016574597710638295,-0.013914504073443856,-1,-1,-1,FCL,,0,0,0
2023-01-17,Indicator,EMA_Trend,Bearish,Bearish,Bullish,Neutral,Negative,-0.004092490178110975,-0.016574597710638295,-0.013914504073443856,-1,-1,-1,FCL,,1,1,1
2023-01-17,Indicator,MACD_Trend,Bullish,Bearish,Bullish,Neutral,Negative,-0.004092490178110975,-0.016574597710638295,-0.013914504073443856,-1,-1,-1,FCL,,0,0,0
2023-01-17,Indicator,CMF_State,Negative,Bearish,Bullish,Neutral,Negative,-0.004092490178110975,-0.016574597710638295,-0.013914504073443856,-1,-1,-1,FCL,,0,0,0
2023-01-18,Indicator,EMA_Trend,Bearish,Bearish,Bullish,Neutral,Negative,-0.012533400350359436,-0.009862375570487969,-0.019313795311892923,-1,-1,-1,FCL,,1,1,1
2023-01-18,Indicator,MACD_Trend,Bullish,Bearish,Bullish,Neutral,Negative,-0.012533400350359436,-0.009862375570487969,-0.019313795311892923,-1,-1,-1,FCL,,0,0,0
2023-01-18,Indicator,CMF_State,Negative,Bearish,Bullish,Neutral,Negative,-0.012533400350359436,-0.009862375570487969,-0.019313795311892923,-1,-1,-1,FCL,,0,0,0
2023-01-19,Indicator,EMA_Trend,Bearish,Bearish,Bullish,Neutral,Negative,0.0027049267092367213,-0.0068664549909224215,-0.025176874635555957,1,-1,-1,FCL,,0,1,1
2023-01-19,Indicator,MACD_Trend,Bullish,Bearish,Bullish,Neutral,Negative,0.0027049267092367213,-0.0068664549909224215,-0.025176874635555957,1,-1,-1,FCL,,1,0,0
2023-01-19,Indicator,CMF_State,Negative,Bearish,Bullish,Neutral,Negative,0.0027049267092367213,-0.0068664549909224215,-0.025176874635555957,1,-1,-1,FCL,,0,0,0
2023-01-20,Indicator,EMA_Trend,Bearish,Bearish,Bullish,Neutral,Negative,-0.009545561655482593,-0.027806586566097358,-0.04233242198560072,-1,-1,-1,FCL,,1,1,1
2023-01-20,Indicator,MACD_Trend,Bullish,Bearish,Bullish,Neutral,Negative,-0.009545561655482593,-0.027806586566097358,-0.04233242198560072,-1,-1,-1,FCL,,0,0,0
2023-01-20,Indicator,CMF_State,Negative,Bearish,Bullish,Neutral,Negative,-0.009545561655482593,-0.027806586566097358,-0.04233242198560072,-1,-1,-1,FCL,,0,0,0
2023-01-23,Indicator,EMA_Trend,Bearish,Bearish,Bullish,Neutral,Negative,-0.018437016589210264,-0.03310284558360832,-0.05049230295893303,-1,-1,-1,FCL,,1,1,1
2023-01-23,Indicator,MACD_Trend,Bullish,Bearish,Bullish,Neutral,Negative,-0.018437016589210264,-0.03310284558360832,-0.05049230295893303,-1,-1,-1,FCL,,0,0,0
2023-01-23,Indicator,CMF_State,Negative,Bearish,Bullish,Neutral,Negative,-0.018437016589210264,-0.03310284558360832,-0.05049230295893303,-1,-1,-1,FCL,,0,0,0
2023-01-24,Indicator,EMA_Trend,Bearish,Bearish,Bullish,Neutral,Negative,-0.014941302027748127,-0.03265739123365807,0.0,-1,-1,0,FCL,,1,1,0
2023-01-24,Indicator,MACD_Trend,Bullish,Bearish,Bullish,Neutral,Negative,-0.014941302027748127,-0.03265739123365807,0.0,-1,-1,0,FCL,,0,0,0
2023-01-24,Indicator,CMF_State,Negative,Bearish,Bullish,Neutral,Negative,-0.014941302027748127,-0.03265739123365807,0.0,-1,-1,0,FCL,,0,0,0
2023-01-25,Indicator,EMA_Trend,Bearish,Bearish,Bullish,Neutral,Negative,-0.0179848056185673,0.015167930660888507,0.05482120865215334,-1,1,1,FCL,,1,0,0
2023-01-25,Indicator,MACD_Trend,Bullish,Bearish,Bullish,Neutral,Negative,-0.0179848056185673,0.015167930660888507,0.05482120865215334,-1,1,1,FCL,,0,1,1
2023-01-25,Indicator,CMF_State,Negative,Bearish,Bullish,Neutral,Negative,-0.0179848056185673,0.015167930660888507,0.05482120865215334,-1,1,1,FCL,,0,0,0
2023-01-27,Indicator,EMA_Trend,Bearish,Bearish,Bullish,Oversold,Negative,0.033759901546470905,0.07413939691287652,0.04611649014461383,1,1,1,FCL,,0,0,0
2023-01-27,Indicator,MACD_Trend,Bullish,Bearish,Bullish,Oversold,Negative,0.033759901546470905,0.07413939691287652,0.04611649014461383,1,1,1,FCL,,1,1,1
2023-01-27,Indicator,RSI_State,Oversold,Bearish,Bullish,Oversold,Negative,0.033759901546470905,0.07413939691287652,0.04611649014461383,1,1,1,FCL,,0,0,0
2023-01-27,Indicator,CMF_State,Negative,Bearish,Bullish,Oversold,Negative,0.033759901546470905,0.07413939691287652,0.04611649014461383,1,1,1,FCL,,0,0,0
2023-01-30,Indicator,EMA_Trend,Bearish,Bearish,Bullish,Neutral,Negative,0.039060806388407254,0.011953054649979977,0.023479188900747072,1,1,1,FCL,,0,0,0
2023-01-30,Indicator,MACD_Trend,Bullish,Bearish,Bullish,Neutral,Negative,0.039060806388407254,0.011953054649979977,0.023479188900747072,1,1,1,FCL,,1,1,1
2023-01-30,Indicator,CMF_State,Negative,Bearish,Bullish,Neutral,Negative,0.039060806388407254,0.011953054649979977,0.023479188900747072,1,1,1,FCL,,0,0,0
2023-01-31,Indicator,EMA_Trend,Bearish,Bearish,Bullish,Neutral,Negative,-0.02608870585028522,-0.01499586683653209,-0.055669630783686364,-1,-1,-1,FCL,,1,1,1
2023-01-31,Indicator,MACD_Trend,Bullish,Bearish,Bullish,Neutral,Negative,-0.02608870585028522,-0.01499586683653209,-0.055669630783686364,-1,-1,-1,FCL,,0,0,0
2023-01-31,Indicator,CMF_State,Negative,Bearish,Bullish,Neutral,Negative,-0.02608870585028522,-0.01499586683653209,-0.055669630783686364,-1,-1,-1,FCL,,0,0,0
2023-02-01,Indicator,EMA_Trend,Bearish,Bearish,Bullish,Neutral,Negative,0.011389989088726793,-0.03037332569310347,-0.004640396917756862,1,-1,-1,FCL,,0,1,1
2023-02-01,Indicator,MACD_Trend,Bullish,Bearish,Bullish,Neutral,Negative,0.011389989088726793,-0.03037332569310347,-0.004640396917756862,1,-1,-1,FCL,,1,0,0
2023-02-01,Indicator,CMF_State,Negative,Bearish,Bullish,Neutral,Negative,0.011389989088726793,-0.03037332569310347,-0.004640396917756862,1,-1,-1,FCL,,0,0,0
2023-02-02,Candlestick,CDL_HARAMI,Bullish,Bearish,Bullish,Neutral,Negative,-0.041292988097953676,-0.015849856315986677,0.025443195426551046,-1,-1,1,FCL,,0,0,1
2023-02-02,Indicator,EMA_Trend,Bearish,Bearish,Bullish,Neutral,Negative,-0.041292988097953676,-0.015849856315986677,0.025443195426551046,-1,-1,1,FCL,,1,1,0
2023-02-02,Indicator,MACD_Trend,Bullish,Bearish,Bullish,Neutral,Negative,-0.041292988097953676,-0.015849856315986677,0.025443195426551046,-1,-1,1,FCL,,0,0,1
2023-02-02,Indicator,CMF_State,Negative,Bearish,Bullish,Neutral,Negative,-0.041292988097953676,-0.015849856315986677,0.025443195426551046,-1,-1,1,FCL,,0,0,0
2023-02-03,Candlestick,CDL_BULLISH_ENGULFING,Bearish,Bearish,Bullish,Neutral,Negative,0.02653900666845921,0.06961061377041777,0.08222751096196435,1,1,1,FCL,,0,0,0
2023-02-03,Indicator,EMA_Trend,Bearish,Bearish,Bullish,Neutral,Negative,0.02653900666845921,0.06961061377041777,0.08222751096196435,1,1,1,FCL,,0,0,0
2023-02-03,Indicator,MACD_Trend,Bullish,Bearish,Bullish,Neutral,Negative,0.02653900666845921,0.06961061377041777,0.08222751096196435,1,1,1,FCL,,1,1,1
2023-02-03,Indicator,CMF_State,Negative,Bearish,Bullish,Neutral,Negative,0.02653900666845921,0.06961061377041777,0.08222751096196435,1,1,1,FCL,,0,0,0
2023-02-06,Indicator,EMA_Trend,Bearish,Bearish,Bullish,Neutral,Negative,0.04195808130247647,0.05424879515707559,0.054672639636029086,1,1,1,FCL,,0,0,0
2023-02-06,Indicator,MACD_Trend,Bullish,Bearish,Bullish,Neutral,Negative,0.04195808130247647,0.05424879515707559,0.054672639636029086,1,1,1,FCL,,1,1,1
2023-02-06,Indicator,CMF_State,Negative,Bearish,Bullish,Neutral,Negative,0.04195808130247647,0.05424879515707559,0.054672639636029086,1,1,1,FCL,,0,0,0
2023-02-07,Indicator,EMA_Trend,Bearish,Bearish,Bullish,Neutral,Negative,0.011795785334507425,0.012202562235190006,0.03396376098201448,1,1,1,FCL,,0,0,0
2023-02-07,Indicator,MACD_Trend,Bullish,Bearish,Bullish,Neutral,Negative,0.011795785334507425,0.012202562235190006,0.03396376098201448,1,1,1,FCL,,1,1,1
2023-02-07,Indicator,CMF_State,Negative,Bearish,Bullish,Neutral,Negative,0.011795785334507425,0.012202562235190006,0.03396376098201448,1,1,1,FCL,,0,0,0
2023-02-08,Candlestick,CDL_ADVANCE_BLOCK,Bearish,Bearish,Bullish,Neutral,Negative,0.0004020345869972797,0.021909535470320263,0.025125628140703515,1,1,1,FCL,,0,0,0
2023-02-08,Indicator,EMA_Trend,Bearish,Bearish,Bullish,Neutral,Negative,0.0004020345869972797,0.021909535470320263,0.025125628140703515,1,1,1,FCL,,0,0,0
2023-02-08,Indicator,MACD_Trend,Bullish,Bearish,Bullish,Neutral,Negative,0.0004020345869972797,0.021909535470320263,0.025125628140703515,1,1,1,FCL,,1,1,1
2023-02-08,Indicator,CMF_State,Negative,Bearish,Bullish,Neutral,Negative,0.0004020345869972797,0.021909535470320263,0.025125628140703515,1,1,1,FCL,,0,0,0
2023-02-09,Indicator,EMA_Trend,Bearish,Bearish,Bullish,Neutral,Negative,0.021498857598987176,0.02471365780849588,0.0291340157612221,1,1,1,FCL,,0,0,0
2023-02-09,Indicator,MACD_Trend,Bullish,Bearish,Bullish,Neutral,Negative,0.021498857598987176,0.02471365780849588,0.0291340157612221,1,1,1,FCL,,1,1,1
2023-02-09,Indicator,CMF_State,Negative,Bearish,Bullish,Neutral,Negative,0.021498857598987176,0.02471365780849588,0.0291340157612221,1,1,1,FCL,,0,0,0
2023-02-10,Indicator,EMA_Trend,Bearish,Bearish,Bullish,Neutral,Positive,0.003147140288600081,0.007474465688763532,0.01573570144299996,1,1,1,FCL,,0,0,0
2023-02-10,Indicator,MACD_Trend,Bullish,Bearish,Bullish,Neutral,Positive,0.003147140288600081,0.007474465688763532,0.01573570144299996,1,1,1,FCL,,1,1,1
2023-02-10,Indicator,CMF_State,Positive,Bearish,Bullish,Neutral,Positive,0.003147140288600081,0.007474465688763532,0.01573570144299996,1,1,1,FCL,,0,0,0
2023-02-13,Indicator,EMA_Trend,Bearish,Bearish,Bullish,Neutral,Negative,0.004313749425551405,0.012549067478553999,0.007647106694240291,1,1,1,FCL,,0,0,0
2023-02-13,Indicator,MACD_Trend,Bullish,Bearish,Bullish,Neutral,Negative,0.004313749425551405,0.012549067478553999,0.007647106694240291,1,1,1,FCL,,1,1,1
2023-02-13,Indicator,CMF_State,Negative,Bearish,Bullish,Neutral,Negative,0.004313749425551405,0.012549067478553999,0.007647106694240291,1,1,1,FCL,,0,0,0
2023-02-14,Indicator,EMA_Trend,Bearish,Bearish,Bullish,Neutral,Negative,0.008199945542628484,0.003319039762818443,-0.013276099469904601,1,1,-1,FCL,,0,0,1
2023-02-14,Indicator,MACD_Trend,Bullish,Bearish,Bullish,Neutral,Negative,0.008199945542628484,0.003319039762818443,-0.013276099469904601,1,1,-1,FCL,,1,1,0
2023-02-14,Indicator,CMF_State,Negative,Bearish,Bullish,Neutral,Negative,0.008199945542628484,0.003319039762818443,-0.013276099469904601,1,1,-1,FCL,,0,0,0
2023-02-15,Indicator,EMA_Trend,Bearish,Bearish,Bullish,Neutral,Negative,-0.00484120813672817,-0.02130137489838313,-0.0580945567375174,-1,-1,-1,FCL,,1,1,1
2023-02-15,Indicator,MACD_Trend,Bullish,Bearish,Bullish,Neutral,Negative,-0.00484120813672817,-0.02130137489838313,-0.0580945567375174,-1,-1,-1,FCL,,0,0,0
2023-02-15,Indicator,CMF_State,Negative,Bearish,Bullish,Neutral,Negative,-0.00484120813672817,-0.02130137489838313,-0.0580945567375174,-1,-1,-1,FCL,,0,0,0
2023-02-16,Indicator,EMA_Trend,Bearish,Bearish,Bullish,Neutral,Negative,-0.016540241513453235,-0.05351241333162626,-0.07452815040087946,-1,-1,-1,FCL,,1,1,1
2023-02-16,Indicator,MACD_Trend,Bullish,Bearish,Bullish,Neutral,Negative,-0.016540241513453235,-0.05351241333162626,-0.07452815040087946,-1,-1,-1,FCL,,0,0,0
2023-02-16,Indicator,CMF_State,Negative,Bearish,Bullish,Neutral,Negative,-0.016540241513453235,-0.05351241333162626,-0.07452815040087946,-1,-1,-1,FCL,,0,0,0
2023-02-17,Indicator,EMA_Trend,Bearish,Bearish,Bullish,Neutral,Negative,-0.03759398541641368,-0.058963174026219645,-0.06826276299296175,-1,-1,-1,FCL,,1,1,1
2023-02-17,Indicator,MACD_Trend,Bullish,Bearish,Bullish,Neutral,Negative,-0.03759398541641368,-0.058963174026219645,-0.06826276299296175,-1,-1,-1,FCL,,0,0,0
2023-02-17,Indicator,CMF_State,Negative,Bearish,Bullish,Neutral,Negative,-0.03759398541641368,-0.058963174026219645,-0.06826276299296175,-1,-1,-1,FCL,,0,0,0
2023-02-20,Indicator,EMA_Trend,Bearish,Bearish,Bullish,Neutral,Negative,-0.022203922550350974,-0.031866776715664846,-0.029605250981045383,-1,-1,-1,FCL,,1,1,1
2023-02-20,Indicator,MACD_Trend,Bullish,Bearish,Bullish,Neutral,Negative,-0.022203922550350974,-0.031866776715664846,-0.029605250981045383,-1,-1,-1,FCL,,0,0,0
2023-02-20,Indicator,CMF_State,Negative,Bearish,Bullish,Neutral,Negative,-0.022203922550350974,-0.031866776715664846,-0.029605250981045383,-1,-1,-1,FCL,,0,0,0
2023-02-21,Indicator,EMA_Trend,Bearish,Bearish,Bullish,Neutral,Negative,-0.009882279534723759,-0.00756939877484375,-0.022918405711946144,-1,-1,-1,FCL,,1,1,1
2023-02-21,Indicator,MACD_Trend,Bullish,Bearish,Bullish,Neutral,Negative,-0.009882279534723759,-0.00756939877484375,-0.022918405711946144,-1,-1,-1,FCL,,0,0,0
2023-02-21,Indicator,CMF_State,Negative,Bearish,Bullish,Neutral,Negative,-0.009882279534723759,-0.00756939877484375,-0.022918405711946144,-1,-1,-1,FCL,,0,0,0
2023-02-22,Indicator,EMA_Trend,Bearish,Bearish,Bearish,Neutral,Negative,0.002335965423175157,-0.013166238627762894,-0.02718196635989445,1,-1,-1,FCL,,0,1,1
2023-02-22,Indicator,MACD_Trend,Bearish,Bearish,Bearish,Neutral,Negative,0.002335965423175157,-0.013166238627762894,-0.02718196635989445,1,-1,-1,FCL,,0,1,1
2023-02-22,Indicator,CMF_State,Negative,Bearish,Bearish,Neutral,Negative,0.002335965423175157,-0.013166238627762894,-0.02718196635989445,1,-1,-1,FCL,,0,0,0
2023-02-23,Indicator,EMA_Trend,Bearish,Bearish,Bearish,Neutral,Negative,-0.015466075832560988,-0.029449139611195663,-0.03601694915254239,-1,-1,-1,FCL,,1,1,1
2023-02-23,Indicator,MACD_Trend,Bearish,Bearish,Bearish,Neutral,Negative,-0.015466075832560988,-0.029449139611195663,-0.03601694915254239,-1,-1,-1,FCL,,1,1,1
2023-02-23,Indicator,CMF_State,Negative,Bearish,Bearish,Neutral,Negative,-0.015466075832560988,-0.029449139611195663,-0.03601694915254239,-1,-1,-1,FCL,,0,0,0
2023-02-24,Candlestick,CDL_BULLISH_ENGULFING,Bearish,Bearish,Bearish,Neutral,Negative,-0.01420272418795454,-0.02087370766564489,-0.011620452490232802,-1,-1,-1,FCL,,1,1,1
2023-02-24,Indicator,EMA_Trend,Bearish,Bearish,Bearish,Neutral,Negative,-0.01420272418795454,-0.02087370766564489,-0.011620452490232802,-1,-1,-1,FCL,,1,1,1
2023-02-24,Indicator,MACD_Trend,Bearish,Bearish,Bearish,Neutral,Negative,-0.01420272418795454,-0.02087370766564489,-0.011620452490232802,-1,-1,-1,FCL,,1,1,1
2023-02-24,Indicator,CMF_State,Negative,Bearish,Bearish,Neutral,Negative,-0.01420272418795454,-0.02087370766564489,-0.011620452490232802,-1,-1,-1,FCL,,0,0,0
2023-02-27,Candlestick,CDL_THREE_OUTSIDE_UP,Bearish,Bearish,Bearish,Neutral,Negative,-0.006767094656652595,0.0026194753841195517,-0.002401235732066409,-1,1,-1,FCL,,1,0,1
2023-02-27,Indicator,EMA_Trend,Bearish,Bearish,Bearish,Neutral,Negative,-0.006767094656652595,0.0026194753841195517,-0.002401235732066409,-1,1,-1,FCL,,1,0,1
2023-02-27,Indicator,MACD_Trend,Bearish,Bearish,Bearish,Neutral,Negative,-0.006767094656652595,0.0026194753841195517,-0.002401235732066409,-1,1,-1,FCL,,1,0,1
2023-02-27,Indicator,CMF_State,Negative,Bearish,Bearish,Neutral,Negative,-0.006767094656652595,0.0026194753841195517,-0.002401235732066409,-1,1,-1,FCL,,0,0,0
2023-02-28,Indicator,EMA_Trend,Bearish,Bearish,Bearish,Neutral,Negative,0.009450522621909485,0.00439560439560438,0.030549437135130475,1,1,1,FCL,,0,0,0
2023-02-28,Indicator,MACD_Trend,Bearish,Bearish,Bearish,Neutral,Negative,0.009450522621909485,0.00439560439560438,0.030549437135130475,1,1,1,FCL,,0,0,0
2023-02-28,Indicator,CMF_State,Negative,Bearish,Bearish,Neutral,Negative,0.009450522621909485,0.00439560439560438,0.030549437135130475,1,1,1,FCL,,0,0,0
2023-03-01,Candlestick,CDL_BULLISH_ENGULFING,Bullish,Bearish,Bearish,Neutral,Negative,-0.005007593847369152,0.0209013854967548,0.018506423309184505,-1,1,1,FCL,,0,1,1
2023-03-01,Indicator,EMA_Trend,Bearish,Bearish,Bearish,Neutral,Negative,-0.005007593847369152,0.0209013854967548,0.018506423309184505,-1,1,1,FCL,,1,0,0
2023-03-01,Indicator,MACD_Trend,Bearish,Bearish,Bearish,Neutral,Negative,-0.005007593847369152,0.0209013854967548,0.018506423309184505,-1,1,1,FCL,,1,0,0
2023-03-01,Indicator,CMF_State,Negative,Bearish,Bearish,Neutral,Negative,-0.005007593847369152,0.0209013854967548,0.018506423309184505,-1,1,1,FCL,,0,0,0
2023-03-02,Indicator,EMA_Trend,Bearish,Bearish,Bearish,Neutral,Negative,0.026039373952919886,0.023632358409122034,0.03041574156779947,1,1,1,FCL,,0,0,0
2023-03-02,Indicator,MACD_Trend,Bearish,Bearish,Bearish,Neutral,Negative,0.026039373952919886,0.023632358409122034,0.03041574156779947,1,1,1,FCL,,0,0,0
2023-03-02,Indicator,CMF_State,Negative,Bearish,Bearish,Neutral,Negative,0.026039373952919886,0.023632358409122034,0.03041574156779947,1,1,1,FCL,,0,0,0
2023-03-03,Indicator,EMA_Trend,Bearish,Bearish,Bearish,Neutral,Negative,-0.002345929020759141,0.004265301825620238,0.006824508954328845,-1,1,1,FCL,,1,0,0
2023-03-03,Indicator,MACD_Trend,Bearish,Bearish,Bearish,Neutral,Negative,-0.002345929020759141,0.004265301825620238,0.006824508954328845,-1,1,1,FCL,,1,0,0
2023-03-03,Indicator,CMF_State,Negative,Bearish,Bearish,Neutral,Negative,-0.002345929020759141,0.004265301825620238,0.006824508954328845,-1,1,1,FCL,,0,0,0
2023-03-06,Indicator,EMA_Trend,Bearish,Bearish,Bearish,Neutral,Negative,0.006626776794375511,0.009192001758772772,-0.005344164312176991,1,1,-1,FCL,,0,0,1
2023-03-06,Indicator,MACD_Trend,Bearish,Bearish,Bearish,Neutral,Negative,0.006626776794375511,0.009192001758772772,-0.005344164312176991,1,1,-1,FCL,,0,0,1
2023-03-06,Indicator,CMF_State,Negative,Bearish,Bearish,Neutral,Negative,0.006626776794375511,0.009192001758772772,-0.005344164312176991,1,1,-1,FCL,,0,0,0
2023-03-08,Indicator,EMA_Trend,Bearish,Bearish,Bearish,Neutral,Negative,0.0025483376992674334,-0.011892134585048675,-0.0420471183894755,1,-1,-1,FCL,,0,1,1
2023-03-08,Indicator,MACD_Trend,Bearish,Bearish,Bearish,Neutral,Negative,0.0025483376992674334,-0.011892134585048675,-0.0420471183894755,1,-1,-1,FCL,,0,1,1
2023-03-08,Indicator,CMF_State,Negative,Bearish,Bearish,Neutral,Negative,0.0025483376992674334,-0.011892134585048675,-0.0420471183894755,1,-1,-1,FCL,,0,0,0
2023-03-09,Candlestick,CDL_SHOOTING_STAR,Bearish,Bearish,Bullish,Neutral,Negative,-0.014403766622819725,-0.04448210067465119,-0.06587588583232606,-1,-1,-1,FCL,,1,1,1
2023-03-09,Indicator,EMA_Trend,Bearish,Bearish,Bullish,Neutral,Negative,-0.014403766622819725,-0.04448210067465119,-0.06587588583232606,-1,-1,-1,FCL,,1,1,1
2023-03-09,Indicator,MACD_Trend,Bullish,Bearish,Bullish,Neutral,Negative,-0.014403766622819725,-0.04448210067465119,-0.06587588583232606,-1,-1,-1,FCL,,0,0,0
2023-03-09,Indicator,CMF_State,Negative,Bearish,Bullish,Neutral,Negative,-0.014403766622819725,-0.04448210067465119,-0.06587588583232606,-1,-1,-1,FCL,,0,0,0
2023-03-10,Candlestick,CDL_HAMMER,Bullish,Bearish,Bullish,Neutral,Negative,-0.030517906860060617,-0.05222434650864616,-0.05157962740089006,-1,-1,-1,FCL,,0,0,0
2023-03-10,Indicator,EMA_Trend,Bearish,Bearish,Bullish,Neutral,Negative,-0.030517906860060617,-0.05222434650864616,-0.05157962740089006,-1,-1,-1,FCL,,1,1,1
2023-03-10,Indicator,MACD_Trend,Bullish,Bearish,Bullish,Neutral,Negative,-0.030517906860060617,-0.05222434650864616,-0.05157962740089006,-1,-1,-1,FCL,,0,0,0
2023-03-10,Indicator,CMF_State,Negative,Bearish,Bullish,Neutral,Negative,-0.030517906860060617,-0.05222434650864616,-0.05157962740089006,-1,-1,-1,FCL,,0,0,0
2023-03-13,Candlestick,CDL_INVERTED_HAMMER,Bullish,Bearish,Bearish,Neutral,Negative,-0.02238972725971977,-0.021724713318443167,-0.0321436484234332,-1,-1,-1,FCL,,0,0,0
2023-03-13,Indicator,EMA_Trend,Bearish,Bearish,Bearish,Neutral,Negative,-0.02238972725971977,-0.021724713318443167,-0.0321436484234332,-1,-1,-1,FCL,,1,1,1
2023-03-13,Indicator,MACD_Trend,Bearish,Bearish,Bearish,Neutral,Negative,-0.02238972725971977,-0.021724713318443167,-0.0321436484234332,-1,-1,-1,FCL,,1,1,1
2023-03-13,Indicator,CMF_State,Negative,Bearish,Bearish,Neutral,Negative,-0.02238972725971977,-0.021724713318443167,-0.0321436484234332,-1,-1,-1,FCL,,0,0,0
2023-03-14,Indicator,EMA_Trend,Bearish,Bearish,Bearish,Neutral,Negative,0.0006802444285007869,-0.009977310422867092,-0.005895705450148836,1,-1,-1,FCL,,0,1,1
2023-03-14,Indicator,MACD_Trend,Bearish,Bearish,Bearish,Neutral,Negative,0.0006802444285007869,-0.009977310422867092,-0.005895705450148836,1,-1,-1,FCL,,0,1,1
2023-03-14,Indicator,CMF_State,Negative,Bearish,Bearish,Neutral,Negative,0.0006802444285007869,-0.009977310422867092,-0.005895705450148836,1,-1,-1,FCL,,0,0,0
2023-03-15,Indicator,EMA_Trend,Bearish,Bearish,Bearish,Neutral,Negative,-0.010650310037303101,-0.006571479666219515,-0.00634486261142253,-1,-1,-1,FCL,,1,1,1
2023-03-15,Indicator,MACD_Trend,Bearish,Bearish,Bearish,Neutral,Negative,-0.010650310037303101,-0.006571479666219515,-0.00634486261142253,-1,-1,-1,FCL,,1,1,1
2023-03-15,Indicator,CMF_State,Negative,Bearish,Bearish,Neutral,Negative,-0.010650310037303101,-0.006571479666219515,-0.00634486261142253,-1,-1,-1,FCL,,0,0,0
2023-03-16,Candlestick,CDL_HAMMER,Bullish,Bearish,Bearish,Neutral,Negative,0.00412273881769476,0.00435179539606767,0.005726064968050615,1,1,1,FCL,,1,1,1
2023-03-16,Indicator,EMA_Trend,Bearish,Bearish,Bearish,Neutral,Negative,0.00412273881769476,0.00435179539606767,0.005726064968050615,1,1,1,FCL,,0,0,0
2023-03-16,Indicator,MACD_Trend,Bearish,Bearish,Bearish,Neutral,Negative,0.00412273881769476,0.00435179539606767,0.005726064968050615,1,1,1,FCL,,0,0,0
2023-03-16,Indicator,CMF_State,Negative,Bearish,Bearish,Neutral,Negative,0.00412273881769476,0.00435179539606767,0.005726064968050615,1,1,1,FCL,,0,0,0
2023-03-17,Indicator,EMA_Trend,Bearish,Bearish,Bearish,Neutral,Negative,0.00022811611520978659,0.0015967431952030875,0.02600363607481304,1,1,1,FCL,,0,0,0
2023-03-17,Indicator,MACD_Trend,Bearish,Bearish,Bearish,Neutral,Negative,0.00022811611520978659,0.0015967431952030875,0.02600363607481304,1,1,1,FCL,,0,0,0
2023-03-17,Indicator,CMF_State,Negative,Bearish,Bearish,Neutral,Negative,0.00022811611520978659,0.0015967431952030875,0.02600363607481304,1,1,1,FCL,,0,0,0
2023-03-20,Candlestick,CDL_HARAMI,Bullish,Bearish,Bearish,Neutral,Negative,0.0013683149453036503,0.02576964148909644,0.024401396139181797,1,1,1,FCL,,1,1,1
2023-03-20,Candlestick,CDL_HARAMI_CROSS,Bullish,Bearish,Bearish,Neutral,Negative,0.0013683149453036503,0.02576964148909644,0.024401396139181797,1,1,1,FCL,,1,1,1
2023-03-20,Indicator,EMA_Trend,Bearish,Bearish,Bearish,Neutral,Negative,0.0013683149453036503,0.02576964148909644,0.024401396139181797,1,1,1,FCL,,0,0,0
2023-03-20,Indicator,MACD_Trend,Bearish,Bearish,Bearish,Neutral,Negative,0.0013683149453036503,0.02576964148909644,0.024401396139181797,1,1,1,FCL,,0,0,0
2023-03-20,Indicator,CMF_State,Negative,Bearish,Bearish,Neutral,Negative,0.0013683149453036503,0.02576964148909644,0.024401396139181797,1,1,1,FCL,,0,0,0
2023-03-21,Indicator,EMA_Trend,Bearish,Bearish,Bearish,Neutral,Negative,0.02436798346782698,0.023001607750227526,0.009337294571909016,1,1,1,FCL,,0,0,0
2023-03-21,Indicator,MACD_Trend,Bearish,Bearish,Bearish,Neutral,Negative,0.02436798346782698,0.023001607750227526,0.009337294571909016,1,1,1,FCL,,0,0,0
2023-03-21,Indicator,CMF_State,Negative,Bearish,Bearish,Neutral,Negative,0.02436798346782698,0.023001607750227526,0.009337294571909016,1,1,1,FCL,,0,0,0
2023-03-22,Indicator,EMA_Trend,Bearish,Bearish,Bearish,Neutral,Negative,-0.0013338719480218142,-0.014673134204208571,-0.04046238813556868,-1,-1,-1,FCL,,1,1,1
2023-03-22,Indicator,MACD_Trend,Bearish,Bearish,Bearish,Neutral,Negative,-0.0013338719480218142,-0.014673134204208571,-0.04046238813556868,-1,-1,-1,FCL,,1,1,1
2023-03-22,Indicator,CMF_State,Negative,Bearish,Bearish,Neutral,Negative,-0.0013338719480218142,-0.014673134204208571,-0.04046238813556868,-1,-1,-1,FCL,,0,0,0
2023-03-23,Candlestick,CDL_HARAMI,Bearish,Bearish,Bullish,Neutral,Negative,-0.013357078889024265,-0.03918077832866118,-0.030053427500304708,-1,-1,-1,FCL,,1,1,1
2023-03-23,Candlestick,CDL_HARAMI_CROSS,Bearish,Bearish,Bullish,Neutral,Negative,-0.013357078889024265,-0.03918077832866118,-0.030053427500304708,-1,-1,-1,FCL,,1,1,1
2023-03-23,Indicator,EMA_Trend,Bearish,Bearish,Bullish,Neutral,Negative,-0.013357078889024265,-0.03918077832866118,-0.030053427500304708,-1,-1,-1,FCL,,1,1,1
2023-03-23,Indicator,MACD_Trend,Bullish,Bearish,Bullish,Neutral,Negative,-0.013357078889024265,-0.03918077832866118,-0.030053427500304708,-1,-1,-1,FCL,,0,0,0
2023-03-23,Indicator,CMF_State,Negative,Bearish,Bullish,Neutral,Negative,-0.013357078889024265,-0.03918077832866118,-0.030053427500304708,-1,-1,-1,FCL,,0,0,0
2023-03-24,Candlestick,CDL_BULLISH_ENGULFING,Bearish,Bearish,Bullish,Neutral,Negative,-0.0261732982491365,-0.016922382205387998,0.0557310040820016,-1,-1,1,FCL,,1,1,0
2023-03-24,Indicator,EMA_Trend,Bearish,Bearish,Bullish,Neutral,Negative,-0.0261732982491365,-0.016922382205387998,0.0557310040820016,-1,-1,1,FCL,,1,1,0
2023-03-24,Indicator,MACD_Trend,Bullish,Bearish,Bullish,Neutral,Negative,-0.0261732982491365,-0.016922382205387998,0.0557310040820016,-1,-1,1,FCL,,0,0,1
2023-03-24,Indicator,CMF_State,Negative,Bearish,Bullish,Neutral,Negative,-0.0261732982491365,-0.016922382205387998,0.0557310040820016,-1,-1,1,FCL,,0,0,0
2023-03-27,Candlestick,CDL_THREE_OUTSIDE_UP,Bearish,Bearish,Bearish,Neutral,Negative,0.009499550615233776,0.08410562391016851,0.08016683413859149,1,1,1,FCL,,0,0,0
2023-03-27,Indicator,EMA_Trend,Bearish,Bearish,Bearish,Neutral,Negative,0.009499550615233776,0.08410562391016851,0.08016683413859149,1,1,1,FCL,,0,0,0
2023-03-27,Indicator,MACD_Trend,Bearish,Bearish,Bearish,Neutral,Negative,0.009499550615233776,0.08410562391016851,0.08016683413859149,1,1,1,FCL,,0,0,0
2023-03-27,Indicator,CMF_State,Negative,Bearish,Bearish,Neutral,Negative,0.009499550615233776,0.08410562391016851,0.08016683413859149,1,1,1,FCL,,0,0,0
2023-03-28,Indicator,EMA_Trend,Bearish,Bearish,Bearish,Neutral,Negative,0.07390401833211957,0.07000229319596007,0.07849433264005135,1,1,1,FCL,,0,0,0
2023-03-28,Indicator,MACD_Trend,Bearish,Bearish,Bearish,Neutral,Negative,0.07390401833211957,0.07000229319596007,0.07849433264005135,1,1,1,FCL,,0,0,0
2023-03-28,Indicator,CMF_State,Negative,Bearish,Bearish,Neutral,Negative,0.07390401833211957,0.07000229319596007,0.07849433264005135,1,1,1,FCL,,0,0,0
2023-03-29,Indicator,EMA_Trend,Bearish,Bearish,Bullish,Neutral,Positive,-0.0036332158829420758,0.004274417666358055,0.01260951907126917,-1,1,1,FCL,,1,0,0
2023-03-29,Indicator,MACD_Trend,Bullish,Bearish,Bullish,Neutral,Positive,-0.0036332158829420758,0.004274417666358055,0.01260951907126917,-1,1,1,FCL,,0,1,1
2023-03-29,Indicator,CMF_State,Positive,Bearish,Bullish,Neutral,Positive,-0.0036332158829420758,0.004274417666358055,0.01260951907126917,-1,1,1,FCL,,0,0,0
2023-03-31,Indicator,EMA_Trend,Bearish,Bearish,Bullish,Neutral,Negative,0.007936468452536483,0.01630196350694768,0.013942513577441584,1,1,1,FCL,,0,0,0
2023-03-31,Indicator,MACD_Trend,Bullish,Bearish,Bullish,Neutral,Negative,0.007936468452536483,0.01630196350694768,0.013942513577441584,1,1,1,FCL,,1,1,1
2023-03-31,Indicator,CMF_State,Negative,Bearish,Bullish,Neutral,Negative,0.007936468452536483,0.01630196350694768,0.013942513577441584,1,1,1,FCL,,0,0,0
2023-04-03,Indicator,EMA_Trend,Bearish,Bearish,Bullish,Neutral,Negative,0.008299625339734717,0.0059587536644309935,0.04852100150392746,1,1,1,FCL,,0,0,0
2023-04-03,Indicator,MACD_Trend,Bullish,Bearish,Bullish,Neutral,Negative,0.008299625339734717,0.0059587536644309935,0.04852100150392746,1,1,1,FCL,,1,1,1
2023-04-03,Indicator,CMF_State,Negative,Bearish,Bullish,Neutral,Negative,0.008299625339734717,0.0059587536644309935,0.04852100150392746,1,1,1,FCL,,0,0,0
2023-04-05,Indicator,EMA_Trend,Bearish,Bearish,Bullish,Neutral,Negative,-0.002321603238238712,0.03989030160617246,0.043267202465521404,-1,1,1,FCL,,1,0,0
2023-04-05,Indicator,MACD_Trend,Bullish,Bearish,Bullish,Neutral,Negative,-0.002321603238238712,0.03989030160617246,0.043267202465521404,-1,1,1,FCL,,0,1,1
2023-04-05,Indicator,CMF_State,Negative,Bearish,Bullish,Neutral,Negative,-0.002321603238238712,0.03989030160617246,0.043267202465521404,-1,1,1,FCL,,0,0,0
2023-04-06,Indicator,EMA_Trend,Bearish,Bearish,Bullish,Neutral,Negative,0.042310132184300686,0.04569489111093428,0.04336788548890813,1,1,1,FCL,,0,0,0
2023-04-06,Indicator,MACD_Trend,Bullish,Bearish,Bullish,Neutral,Negative,0.042310132184300686,0.04569489111093428,0.04336788548890813,1,1,1,FCL,,1,1,1
2023-04-06,Indicator,CMF_State,Negative,Bearish,Bullish,Neutral,Negative,0.042310132184300686,0.04569489111093428,0.04336788548890813,1,1,1,FCL,,0,0,0
2023-04-10,Indicator,EMA_Trend,Bearish,Bearish,Bullish,Neutral,Positive,0.0032473625863547184,0.0010148162931036264,-0.014004514396405154,1,1,-1,FCL,,0,0,1
2023-04-10,Indicator,MACD_Trend,Bullish,Bearish,Bullish,Neutral,Positive,0.0032473625863547184,0.0010148162931036264,-0.014004514396405154,1,1,-1,FCL,,1,1,0
2023-04-10,Indicator,CMF_State,Positive,Bearish,Bullish,Neutral,Positive,0.0032473625863547184,0.0010148162931036264,-0.014004514396405154,1,1,-1,FCL,,0,0,0
2023-04-11,Indicator,EMA_Trend,Bearish,Bearish,Bullish,Neutral,Positive,-0.0022253198727537615,-0.017196035221348493,-0.0008092128390906339,-1,-1,-1,FCL,,1,1,1
2023-04-11,Indicator,MACD_Trend,Bullish,Bearish,Bullish,Neutral,Positive,-0.0022253198727537615,-0.017196035221348493,-0.0008092128390906339,-1,-1,-1,FCL,,0,0,0
2023-04-11,Indicator,CMF_State,Positive,Bearish,Bullish,Neutral,Positive,-0.0022253198727537615,-0.017196035221348493,-0.0008092128390906339,-1,-1,-1,FCL,,0,0,0
2023-04-12,Indicator,EMA_Trend,Bearish,Bearish,Bullish,Neutral,Negative,-0.015004104280021968,0.001419265353057808,-0.010948954339838113,-1,1,-1,FCL,,1,0,1
2023-04-12,Indicator,MACD_Trend,Bullish,Bearish,Bullish,Neutral,Negative,-0.015004104280021968,0.001419265353057808,-0.010948954339838113,-1,1,-1,FCL,,0,1,0
2023-04-12,Indicator,CMF_State,Negative,Bearish,Bullish,Neutral,Negative,-0.015004104280021968,0.001419265353057808,-0.010948954339838113,-1,1,-1,FCL,,0,0,0
2023-04-13,Indicator,EMA_Trend,Bearish,Bearish,Bullish,Neutral,Negative,0.016673541183717555,0.004116920646882294,0.010292301617205624,1,1,1,FCL,,0,0,0
2023-04-13,Indicator,MACD_Trend,Bullish,Bearish,Bullish,Neutral,Negative,0.016673541183717555,0.004116920646882294,0.010292301617205624,1,1,1,FCL,,1,1,1
2023-04-13,Indicator,CMF_State,Negative,Bearish,Bullish,Neutral,Negative,0.016673541183717555,0.004116920646882294,0.010292301617205624,1,1,1,FCL,,0,0,0
2023-04-17,Indicator,EMA_Trend,Bearish,Bearish,Bullish,Neutral,Positive,-0.012350690785377982,-0.006276586640665771,-0.007086454835497635,-1,-1,-1,FCL,,1,1,1
2023-04-17,Indicator,MACD_Trend,Bullish,Bearish,Bullish,Neutral,Positive,-0.012350690785377982,-0.006276586640665771,-0.007086454835497635,-1,-1,-1,FCL,,0,0,0
2023-04-17,Indicator,CMF_State,Positive,Bearish,Bullish,Neutral,Positive,-0.012350690785377982,-0.006276586640665771,-0.007086454835497635,-1,-1,-1,FCL,,0,0,0
2023-04-18,Candlestick,CDL_BULLISH_ENGULFING,Bearish,Bearish,Bullish,Neutral,Positive,0.006150061654518257,0.005330065946248075,-0.020090176380094693,1,1,-1,FCL,,0,0,1
2023-04-18,Indicator,EMA_Trend,Bearish,Bearish,Bullish,Neutral,Positive,0.006150061654518257,0.005330065946248075,-0.020090176380094693,1,1,-1,FCL,,0,0,1
2023-04-18,Indicator,MACD_Trend,Bullish,Bearish,Bullish,Neutral,Positive,0.006150061654518257,0.005330065946248075,-0.020090176380094693,1,1,-1,FCL,,1,1,0
2023-04-18,Indicator,CMF_State,Positive,Bearish,Bullish,Neutral,Positive,0.006150061654518257,0.005330065946248075,-0.020090176380094693,1,1,-1,FCL,,0,0,0
2023-04-19,Candlestick,CDL_HARAMI,Bullish,Bearish,Bullish,Neutral,Positive,-0.0008149835094396485,-0.02607984537760044,-0.014873651129853172,-1,-1,-1,FCL,,0,0,0
2023-04-19,Candlestick,CDL_HARAMI_CROSS,Bullish,Bearish,Bullish,Neutral,Positive,-0.0008149835094396485,-0.02607984537760044,-0.014873651129853172,-1,-1,-1,FCL,,0,0,0
2023-04-19,Indicator,EMA_Trend,Bearish,Bearish,Bullish,Neutral,Positive,-0.0008149835094396485,-0.02607984537760044,-0.014873651129853172,-1,-1,-1,FCL,,1,1,1
2023-04-19,Indicator,MACD_Trend,Bullish,Bearish,Bullish,Neutral,Positive,-0.0008149835094396485,-0.02607984537760044,-0.014873651129853172,-1,-1,-1,FCL,,0,0,0
2023-04-19,Indicator,CMF_State,Positive,Bearish,Bullish,Neutral,Positive,-0.0008149835094396485,-0.02607984537760044,-0.014873651129853172,-1,-1,-1,FCL,,0,0,0
2023-04-20,Indicator,EMA_Trend,Bearish,Bearish,Bullish,Neutral,Positive,-0.025285469108512704,-0.014070134548045843,-0.020799310392337067,-1,-1,-1,FCL,,1,1,1
2023-04-20,Indicator,MACD_Trend,Bullish,Bearish,Bullish,Neutral,Positive,-0.025285469108512704,-0.014070134548045843,-0.020799310392337067,-1,-1,-1,FCL,,0,0,0
2023-04-20,Indicator,CMF_State,Positive,Bearish,Bullish,Neutral,Positive,-0.025285469108512704,-0.014070134548045843,-0.020799310392337067,-1,-1,-1,FCL,,0,0,0
2023-04-21,Indicator,EMA_Trend,Bearish,Bearish,Bullish,Neutral,Positive,0.011506276150627714,0.004602535997973112,0.00983266152098583,1,1,1,FCL,,0,0,0
2023-04-21,Indicator,MACD_Trend,Bullish,Bearish,Bullish,Neutral,Positive,0.011506276150627714,0.004602535997973112,0.00983266152098583,1,1,1,FCL,,1,1,1
2023-04-21,Indicator,CMF_State,Positive,Bearish,Bullish,Neutral,Positive,0.011506276150627714,0.004602535997973112,0.00983266152098583,1,1,1,FCL,,0,0,0
2023-04-24,Indicator,EMA_Trend,Bearish,Bearish,Bullish,Neutral,Positive,-0.006825207431166103,-0.0016545766142064267,-0.01220267610441439,-1,-1,-1,FCL,,1,1,1
2023-04-24,Indicator,MACD_Trend,Bullish,Bearish,Bullish,Neutral,Positive,-0.006825207431166103,-0.0016545766142064267,-0.01220267610441439,-1,-1,-1,FCL,,0,0,0
2023-04-24,Indicator,CMF_State,Positive,Bearish,Bullish,Neutral,Positive,-0.006825207431166103,-0.0016545766142064267,-0.01220267610441439,-1,-1,-1,FCL,,0,0,0
2023-04-25,Candlestick,CDL_HARAMI,Bearish,Bearish,Bullish,Neutral,Positive,0.005206163965947974,-0.005414423234947008,-0.0033319576485677516,1,-1,-1,FCL,,0,1,1
2023-04-25,Indicator,EMA_Trend,Bearish,Bearish,Bullish,Neutral,Positive,0.005206163965947974,-0.005414423234947008,-0.0033319576485677516,1,-1,-1,FCL,,0,1,1
2023-04-25,Indicator,MACD_Trend,Bullish,Bearish,Bullish,Neutral,Positive,0.005206163965947974,-0.005414423234947008,-0.0033319576485677516,1,-1,-1,FCL,,1,0,0
2023-04-25,Indicator,CMF_State,Positive,Bearish,Bullish,Neutral,Positive,0.005206163965947974,-0.005414423234947008,-0.0033319576485677516,1,-1,-1,FCL,,0,0,0
2023-04-26,Indicator,EMA_Trend,Bearish,Bearish,Bullish,Neutral,Positive,-0.010565581053534667,-0.00849390097333802,0.015537600601475132,-1,-1,1,FCL,,1,1,0
2023-04-26,Indicator,MACD_Trend,Bullish,Bearish,Bullish,Neutral,Positive,-0.010565581053534667,-0.00849390097333802,0.015537600601475132,-1,-1,1,FCL,,0,0,1
2023-04-26,Indicator,CMF_State,Positive,Bearish,Bullish,Neutral,Positive,-0.010565581053534667,-0.00849390097333802,0.015537600601475132,-1,-1,1,FCL,,0,0,0
2023-04-27,Candlestick,CDL_BULLISH_ENGULFING,Bearish,Bearish,Bearish,Neutral,Positive,0.002093802318300808,0.026381921990144663,0.05297317309389893,1,1,1,FCL,,0,0,0
2023-04-27,Indicator,EMA_Trend,Bearish,Bearish,Bearish,Neutral,Positive,0.002093802318300808,0.026381921990144663,0.05297317309389893,1,1,1,FCL,,0,0,0
2023-04-27,Indicator,MACD_Trend,Bearish,Bearish,Bearish,Neutral,Positive,0.002093802318300808,0.026381921990144663,0.05297317309389893,1,1,1,FCL,,0,0,0
2023-04-27,Indicator,CMF_State,Positive,Bearish,Bearish,Neutral,Positive,0.002093802318300808,0.026381921990144663,0.05297317309389893,1,1,1,FCL,,0,0,0
2023-04-28,Candlestick,CDL_HAMMER,Bullish,Bearish,Bearish,Neutral,Positive,0.024237371407401564,0.05077306202063214,0.09465110265951182,1,1,1,FCL,,1,1,1
2023-04-28,Indicator,EMA_Trend,Bearish,Bearish,Bearish,Neutral,Positive,0.024237371407401564,0.05077306202063214,0.09465110265951182,1,1,1,FCL,,0,0,0
2023-04-28,Indicator,MACD_Trend,Bearish,Bearish,Bearish,Neutral,Positive,0.024237371407401564,0.05077306202063214,0.09465110265951182,1,1,1,FCL,,0,0,0
2023-04-28,Indicator,CMF_State,Positive,Bearish,Bearish,Neutral,Positive,0.024237371407401564,0.05077306202063214,0.09465110265951182,1,1,1,FCL,,0,0,0
2023-05-02,Candlestick,CDL_SHOOTING_STAR,Bearish,Bearish,Bearish,Neutral,Negative,0.02590775473928275,0.06874747321058505,0.048143563847914184,1,1,1,FCL,,0,0,0
2023-05-02,Indicator,EMA_Trend,Bearish,Bearish,Bearish,Neutral,Negative,0.02590775473928275,0.06874747321058505,0.048143563847914184,1,1,1,FCL,,0,0,0
2023-05-02,Indicator,MACD_Trend,Bearish,Bearish,Bearish,Neutral,Negative,0.02590775473928275,0.06874747321058505,0.048143563847914184,1,1,1,FCL,,0,0,0
2023-05-02,Indicator,CMF_State,Negative,Bearish,Bearish,Neutral,Negative,0.02590775473928275,0.06874747321058505,0.048143563847914184,1,1,1,FCL,,0,0,0
2023-05-03,Indicator,EMA_Trend,Bullish,Bullish,Bullish,Neutral,Negative,0.041757865922545045,0.021674277249500218,0.022668510707579914,1,1,1,FCL,,1,1,1
2023-05-03,Indicator,MACD_Trend,Bullish,Bullish,Bullish,Neutral,Negative,0.041757865922545045,0.021674277249500218,0.022668510707579914,1,1,1,FCL,,1,1,1
2023-05-03,Indicator,CMF_State,Negative,Bullish,Bullish,Neutral,Negative,0.041757865922545045,0.021674277249500218,0.022668510707579914,1,1,1,FCL,,0,0,0
2023-05-04,Indicator,EMA_Trend,Bullish,Bullish,Bullish,Overbought,Positive,-0.019278557263649243,-0.01832417670113795,-0.03951137858827647,-1,-1,-1,FCL,,0,0,0
2023-05-04,Indicator,MACD_Trend,Bullish,Bullish,Bullish,Overbought,Positive,-0.019278557263649243,-0.01832417670113795,-0.03951137858827647,-1,-1,-1,FCL,,0,0,0
2023-05-04,Indicator,RSI_State,Overbought,Bullish,Bullish,Overbought,Positive,-0.019278557263649243,-0.01832417670113795,-0.03951137858827647,-1,-1,-1,FCL,,0,0,0
2023-05-04,Indicator,CMF_State,Positive,Bullish,Bullish,Overbought,Positive,-0.019278557263649243,-0.01832417670113795,-0.03951137858827647,-1,-1,-1,FCL,,0,0,0
2023-05-05,Indicator,EMA_Trend,Bullish,Bullish,Bullish,Neutral,Negative,0.0009731413232370034,-0.020630548535958138,-0.008952852657114319,1,-1,-1,FCL,,1,0,0
2023-05-05,Indicator,MACD_Trend,Bullish,Bullish,Bullish,Neutral,Negative,0.0009731413232370034,-0.020630548535958138,-0.008952852657114319,1,-1,-1,FCL,,1,0,0
2023-05-05,Indicator,CMF_State,Negative,Bullish,Bullish,Neutral,Negative,0.0009731413232370034,-0.020630548535958138,-0.008952852657114319,1,-1,-1,FCL,,0,0,0
2023-05-08,Candlestick,CDL_HARAMI,Bullish,Bullish,Bullish,Neutral,Negative,-0.021582686854750288,-0.009916343976252517,0.0046665846218698626,-1,-1,1,FCL,,0,0,1
2023-05-08,Candlestick,CDL_HARAMI_CROSS,Bullish,Bullish,Bullish,Neutral,Negative,-0.021582686854750288,-0.009916343976252517,0.0046665846218698626,-1,-1,1,FCL,,0,0,1
2023-05-08,Indicator,EMA_Trend,Bullish,Bullish,Bullish,Neutral,Negative,-0.021582686854750288,-0.009916343976252517,0.0046665846218698626,-1,-1,1,FCL,,0,0,1
2023-05-08,Indicator,MACD_Trend,Bullish,Bullish,Bullish,Neutral,Negative,-0.021582686854750288,-0.009916343976252517,0.0046665846218698626,-1,-1,1,FCL,,0,0,1
2023-05-08,Indicator,CMF_State,Negative,Bullish,Bullish,Neutral,Negative,-0.021582686854750288,-0.009916343976252517,0.0046665846218698626,-1,-1,1,FCL,,0,0,0
2023-05-09,Candlestick,CDL_BULLISH_ENGULFING,Bearish,Bullish,Bullish,Neutral,Negative,0.011923688105022201,0.026828298236299952,0.009936406754185168,1,1,1,FCL,,0,0,0
2023-05-09,Indicator,EMA_Trend,Bullish,Bullish,Bullish,Neutral,Negative,0.011923688105022201,0.026828298236299952,0.009936406754185168,1,1,1,FCL,,1,1,1
2023-05-09,Indicator,MACD_Trend,Bullish,Bullish,Bullish,Neutral,Negative,0.011923688105022201,0.026828298236299952,0.009936406754185168,1,1,1,FCL,,1,1,1
2023-05-09,Indicator,CMF_State,Negative,Bullish,Bullish,Neutral,Negative,0.011923688105022201,0.026828298236299952,0.009936406754185168,1,1,1,FCL,,0,0,0
2023-05-10,Candlestick,CDL_HARAMI,Bullish,Bullish,Bullish,Neutral,Negative,0.014728986292621427,-0.001963864839016227,0.019049512911416544,1,-1,1,FCL,,1,0,1
2023-05-10,Candlestick,CDL_HARAMI_CROSS,Bullish,Bullish,Bullish,Neutral,Negative,0.014728986292621427,-0.001963864839016227,0.019049512911416544,1,-1,1,FCL,,1,0,1
2023-05-10,Indicator,EMA_Trend,Bullish,Bullish,Bullish,Neutral,Negative,0.014728986292621427,-0.001963864839016227,0.019049512911416544,1,-1,1,FCL,,1,0,1
2023-05-10,Indicator,MACD_Trend,Bullish,Bullish,Bullish,Neutral,Negative,0.014728986292621427,-0.001963864839016227,0.019049512911416544,1,-1,1,FCL,,1,0,1
2023-05-10,Indicator,CMF_State,Negative,Bullish,Bullish,Neutral,Negative,0.014728986292621427,-0.001963864839016227,0.019049512911416544,1,-1,1,FCL,,0,0,0
2023-05-11,Candlestick,CDL_THREE_INSIDE_UP,Bullish,Bullish,Bullish,Neutral,Negative,-0.016450551188673668,0.004257813344408667,0.019547078280096164,-1,1,1,FCL,,0,1,1
2023-05-11,Candlestick,CDL_SHOOTING_STAR,Bearish,Bullish,Bullish,Neutral,Negative,-0.016450551188673668,0.004257813344408667,0.019547078280096164,-1,1,1,FCL,,1,0,0
2023-05-11,Indicator,EMA_Trend,Bullish,Bullish,Bullish,Neutral,Negative,-0.016450551188673668,0.004257813344408667,0.019547078280096164,-1,1,1,FCL,,0,1,1
2023-05-11,Indicator,MACD_Trend,Bullish,Bullish,Bullish,Neutral,Negative,-0.016450551188673668,0.004257813344408667,0.019547078280096164,-1,1,1,FCL,,0,1,1
2023-05-11,Indicator,CMF_State,Negative,Bullish,Bullish,Neutral,Negative,-0.016450551188673668,0.004257813344408667,0.019547078280096164,-1,1,1,FCL,,0,0,0
2023-05-12,Candlestick,CDL_BULLISH_ENGULFING,Bearish,Bullish,Bullish,Neutral,Negative,0.021054726387279787,0.03659971495309655,0.038764289126002494,1,1,1,FCL,,0,0,0
2023-05-12,Indicator,EMA_Trend,Bullish,Bullish,Bullish,Neutral,Negative,0.021054726387279787,0.03659971495309655,0.038764289126002494,1,1,1,FCL,,1,1,1
2023-05-12,Indicator,MACD_Trend,Bullish,Bullish,Bullish,Neutral,Negative,0.021054726387279787,0.03659971495309655,0.038764289126002494,1,1,1,FCL,,1,1,1
2023-05-12,Indicator,CMF_State,Negative,Bullish,Bullish,Neutral,Negative,0.021054726387279787,0.03659971495309655,0.038764289126002494,1,1,1,FCL,,0,0,0
2023-05-15,Indicator,EMA_Trend,Bullish,Bullish,Bullish,Neutral,Negative,0.015224442102940383,0.017344381531225972,0.00828673654009604,1,1,1,FCL,,1,1,1
2023-05-15,Indicator,MACD_Trend,Bullish,Bullish,Bullish,Neutral,Negative,0.015224442102940383,0.017344381531225972,0.00828673654009604,1,1,1,FCL,,1,1,1
2023-05-15,Indicator,CMF_State,Negative,Bullish,Bullish,Neutral,Negative,0.015224442102940383,0.017344381531225972,0.00828673654009604,1,1,1,FCL,,0,0,0
2023-05-16,Candlestick,CDL_SHOOTING_STAR,Bearish,Bullish,Bullish,Neutral,Negative,0.0020881485318600124,-0.006833666798322535,-0.03227031206136044,1,-1,-1,FCL,,0,1,1
2023-05-16,Indicator,EMA_Trend,Bullish,Bullish,Bullish,Neutral,Negative,0.0020881485318600124,-0.006833666798322535,-0.03227031206136044,1,-1,-1,FCL,,1,0,0
2023-05-16,Indicator,MACD_Trend,Bullish,Bullish,Bullish,Neutral,Negative,0.0020881485318600124,-0.006833666798322535,-0.03227031206136044,1,-1,-1,FCL,,1,0,0
2023-05-16,Indicator,CMF_State,Negative,Bullish,Bullish,Neutral,Negative,0.0020881485318600124,-0.006833666798322535,-0.03227031206136044,1,-1,-1,FCL,,0,0,0
2023-05-17,Indicator,EMA_Trend,Bullish,Bullish,Bullish,Neutral,Negative,-0.008903224075899607,-0.03428686452739538,0.1511649632551959,-1,-1,1,FCL,,0,0,1
2023-05-17,Indicator,MACD_Trend,Bullish,Bullish,Bullish,Neutral,Negative,-0.008903224075899607,-0.03428686452739538,0.1511649632551959,-1,-1,1,FCL,,0,0,1
2023-05-17,Indicator,CMF_State,Negative,Bullish,Bullish,Neutral,Negative,-0.008903224075899607,-0.03428686452739538,0.1511649632551959,-1,-1,1,FCL,,0,0,0
2023-05-18,Indicator,EMA_Trend,Bullish,Bullish,Bullish,Neutral,Negative,-0.025611666860512305,0.16150611243977409,0.10301980527779109,-1,1,1,FCL,,0,1,1
2023-05-18,Indicator,MACD_Trend,Bullish,Bullish,Bullish,Neutral,Negative,-0.025611666860512305,0.16150611243977409,0.10301980527779109,-1,1,1,FCL,,0,1,1
2023-05-18,Indicator,CMF_State,Negative,Bullish,Bullish,Neutral,Negative,-0.025611666860512305,0.16150611243977409,0.10301980527779109,-1,1,1,FCL,,0,0,0
2023-05-19,Indicator,EMA_Trend,Bullish,Bullish,Bullish,Neutral,Negative,0.19203614507307498,0.13201253315898342,0.1606512875149817,1,1,1,FCL,,1,1,1
2023-05-19,Indicator,MACD_Trend,Bullish,Bullish,Bullish,Neutral,Negative,0.19203614507307498,0.13201253315898342,0.1606512875149817,1,1,1,FCL,,1,1,1
2023-05-19,Indicator,CMF_State,Negative,Bullish,Bullish,Neutral,Negative,0.19203614507307498,0.13201253315898342,0.1606512875149817,1,1,1,FCL,,0,0,0
2023-05-22,Indicator,EMA_Trend,Bullish,Bullish,Bullish,Overbought,Positive,-0.05035385224028743,-0.02632878011947304,-0.009544162706043857,-1,-1,-1,FCL,,0,0,0
2023-05-22,Indicator,MACD_Trend,Bullish,Bullish,Bullish,Overbought,Positive,-0.05035385224028743,-0.02632878011947304,-0.009544162706043857,-1,-1,-1,FCL,,0,0,0
2023-05-22,Indicator,RSI_State,Overbought,Bullish,Bullish,Overbought,Positive,-0.05035385224028743,-0.02632878011947304,-0.009544162706043857,-1,-1,-1,FCL,,0,0,0
2023-05-22,Indicator,CMF_State,Positive,Bullish,Bullish,Overbought,Positive,-0.05035385224028743,-0.02632878011947304,-0.009544162706043857,-1,-1,-1,FCL,,0,0,0
2023-05-23,Candlestick,CDL_DARKCLOUDCOVER,Bearish,Bullish,Bullish,Neutral,Positive,0.025298972862145996,0.042973574557762184,0.035869022843077136,1,1,1,FCL,,0,0,0
2023-05-23,Indicator,EMA_Trend,Bullish,Bullish,Bullish,Neutral,Positive,0.025298972862145996,0.042973574557762184,0.035869022843077136,1,1,1,FCL,,1,1,1
2023-05-23,Indicator,MACD_Trend,Bullish,Bullish,Bullish,Neutral,Positive,0.025298972862145996,0.042973574557762184,0.035869022843077136,1,1,1,FCL,,1,1,1
2023-05-23,Indicator,CMF_State,Positive,Bullish,Bullish,Neutral,Positive,0.025298972862145996,0.042973574557762184,0.035869022843077136,1,1,1,FCL,,0,0,0
2023-05-24,Indicator,EMA_Trend,Bullish,Bullish,Bullish,Neutral,Positive,0.017238485713369167,0.010309236876951733,0.02568871369519754,1,1,1,FCL,,1,1,1
2023-05-24,Indicator,MACD_Trend,Bullish,Bullish,Bullish,Neutral,Positive,0.017238485713369167,0.010309236876951733,0.02568871369519754,1,1,1,FCL,,1,1,1
2023-05-24,Indicator,CMF_State,Positive,Bullish,Bullish,Neutral,Positive,0.017238485713369167,0.010309236876951733,0.02568871369519754,1,1,1,FCL,,0,0,0
2023-05-25,Indicator,EMA_Trend,Bullish,Bullish,Bullish,Overbought,Positive,-0.006811823317477095,0.008307027408525958,0.00780852464069981,-1,1,1,FCL,,0,1,1
2023-05-25,Indicator,MACD_Trend,Bullish,Bullish,Bullish,Overbought,Positive,-0.006811823317477095,0.008307027408525958,0.00780852464069981,-1,1,1,FCL,,0,1,1
2023-05-25,Indicator,RSI_State,Overbought,Bullish,Bullish,Overbought,Positive,-0.006811823317477095,0.008307027408525958,0.00780852464069981,-1,1,1,FCL,,0,0,0
2023-05-25,Indicator,CMF_State,Positive,Bullish,Bullish,Overbought,Positive,-0.006811823317477095,0.008307027408525958,0.00780852464069981,-1,1,1,FCL,,0,0,0
2023-05-26,Indicator,EMA_Trend,Bullish,Bullish,Bullish,Neutral,Positive,0.015222544006215921,0.014720622235971703,-0.013047821934165094,1,1,-1,FCL,,1,1,0
2023-05-26,Indicator,MACD_Trend,Bullish,Bullish,Bullish,Neutral,Positive,0.015222544006215921,0.014720622235971703,-0.013047821934165094,1,1,-1,FCL,,1,1,0
2023-05-26,Indicator,CMF_State,Positive,Bullish,Bullish,Neutral,Positive,0.015222544006215921,0.014720622235971703,-0.013047821934165094,1,1,-1,FCL,,0,0,0
2023-05-29,Indicator,EMA_Trend,Bullish,Bullish,Bullish,Overbought,Positive,-0.000494395808295911,-0.027846471798017802,-0.022573754582162153,-1,-1,-1,FCL,,0,0,0
2023-05-29,Indicator,MACD_Trend,Bullish,Bullish,Bullish,Overbought,Positive,-0.000494395808295911,-0.027846471798017802,-0.022573754582162153,-1,-1,-1,FCL,,0,0,0
2023-05-29,Indicator,RSI_State,Overbought,Bullish,Bullish,Overbought,Positive,-0.000494395808295911,-0.027846471798017802,-0.022573754582162153,-1,-1,-1,FCL,,0,0,0
2023-05-29,Indicator,CMF_State,Positive,Bullish,Bullish,Overbought,Positive,-0.000494395808295911,-0.027846471798017802,-0.022573754582162153,-1,-1,-1,FCL,,0,0,0
2023-05-30,Indicator,EMA_Trend,Bullish,Bullish,Bullish,Neutral,Positive,-0.02736560543033817,-0.02209028011575953,0.03148703822917942,-1,-1,1,FCL,,0,0,1
2023-05-30,Indicator,MACD_Trend,Bullish,Bullish,Bullish,Neutral,Positive,-0.02736560543033817,-0.02209028011575953,0.03148703822917942,-1,-1,1,FCL,,0,0,1
2023-05-30,Indicator,CMF_State,Positive,Bullish,Bullish,Neutral,Positive,-0.02736560543033817,-0.02209028011575953,0.03148703822917942,-1,-1,1,FCL,,0,0,0
2023-05-31,Indicator,EMA_Trend,Bullish,Bullish,Bullish,Neutral,Positive,0.005423749503442821,0.06050849526615476,0.0867796817068327,1,1,1,FCL,,1,1,1
2023-05-31,Indicator,MACD_Trend,Bullish,Bullish,Bullish,Neutral,Positive,0.005423749503442821,0.06050849526615476,0.0867796817068327,1,1,1,FCL,,1,1,1
2023-05-31,Indicator,CMF_State,Positive,Bullish,Bullish,Neutral,Positive,0.005423749503442821,0.06050849526615476,0.0867796817068327,1,1,1,FCL,,0,0,0
2023-06-01,Indicator,EMA_Trend,Bullish,Bullish,Bullish,Neutral,Positive,0.05478759159003066,0.08091705834835294,0.0655764709683282,1,1,1,FCL,,1,1,1
2023-06-01,Indicator,MACD_Trend,Bullish,Bullish,Bullish,Neutral,Positive,0.05478759159003066,0.08091705834835294,0.0655764709683282,1,1,1,FCL,,1,1,1
2023-06-01,Indicator,CMF_State,Positive,Bullish,Bullish,Neutral,Positive,0.05478759159003066,0.08091705834835294,0.0655764709683282,1,1,1,FCL,,0,0,0
2023-06-02,Indicator,EMA_Trend,Bullish,Bullish,Bullish,Overbought,Positive,0.024772254591024945,0.01022848530293552,0.009749041820250381,1,1,1,FCL,,1,1,1
2023-06-02,Indicator,MACD_Trend,Bullish,Bullish,Bullish,Overbought,Positive,0.024772254591024945,0.01022848530293552,0.009749041820250381,1,1,1,FCL,,1,1,1
2023-06-02,Indicator,RSI_State,Overbought,Bullish,Bullish,Overbought,Positive,0.024772254591024945,0.01022848530293552,0.009749041820250381,1,1,1,FCL,,0,0,0
2023-06-02,Indicator,CMF_State,Positive,Bullish,Bullish,Overbought,Positive,0.024772254591024945,0.01022848530293552,0.009749041820250381,1,1,1,FCL,,0,0,0
2023-06-05,Indicator,EMA_Trend,Bullish,Bullish,Bullish,Overbought,Positive,-0.014192196581174654,-0.014660050273092362,-0.036961964684709026,-1,-1,-1,FCL,,0,0,0
2023-06-05,Indicator,MACD_Trend,Bullish,Bullish,Bullish,Overbought,Positive,-0.014192196581174654,-0.014660050273092362,-0.036961964684709026,-1,-1,-1,FCL,,0,0,0
2023-06-05,Indicator,RSI_State,Overbought,Bullish,Bullish,Overbought,Positive,-0.014192196581174654,-0.014660050273092362,-0.036961964684709026,-1,-1,-1,FCL,,0,0,0
2023-06-05,Indicator,CMF_State,Positive,Bullish,Bullish,Overbought,Positive,-0.014192196581174654,-0.014660050273092362,-0.036961964684709026,-1,-1,-1,FCL,,0,0,0
2023-06-06,Indicator,EMA_Trend,Bullish,Bullish,Bullish,Neutral,Positive,-0.00047458915449360983,-0.023097573405858385,0.0,-1,-1,0,FCL,,0,0,0
2023-06-06,Indicator,MACD_Trend,Bullish,Bullish,Bullish,Neutral,Positive,-0.00047458915449360983,-0.023097573405858385,0.0,-1,-1,0,FCL,,0,0,0
2023-06-06,Indicator,CMF_State,Positive,Bullish,Bullish,Neutral,Positive,-0.00047458915449360983,-0.023097573405858385,0.0,-1,-1,0,FCL,,0,0,0
2023-06-07,Indicator,EMA_Trend,Bullish,Bullish,Bullish,Neutral,Positive,-0.022633725972237007,0.0004748144963040435,-0.01092111983574029,-1,1,-1,FCL,,0,1,0
2023-06-07,Indicator,MACD_Trend,Bullish,Bullish,Bullish,Neutral,Positive,-0.022633725972237007,0.0004748144963040435,-0.01092111983574029,-1,1,-1,FCL,,0,1,0
2023-06-07,Indicator,CMF_State,Positive,Bullish,Bullish,Neutral,Positive,-0.022633725972237007,0.0004748144963040435,-0.01092111983574029,-1,1,-1,FCL,,0,0,0
2023-06-08,Indicator,EMA_Trend,Bullish,Bullish,Bullish,Neutral,Positive,0.023643685159413064,0.011983845204959431,0.010364412006578894,1,1,1,FCL,,1,1,1
2023-06-08,Indicator,MACD_Trend,Bullish,Bullish,Bullish,Neutral,Positive,0.023643685159413064,0.011983845204959431,0.010364412006578894,1,1,1,FCL,,1,1,1
2023-06-08,Indicator,CMF_State,Positive,Bullish,Bullish,Neutral,Positive,0.023643685159413064,0.011983845204959431,0.010364412006578894,1,1,1,FCL,,0,0,0
2023-06-09,Indicator,EMA_Trend,Bullish,Bullish,Bullish,Neutral,Positive,-0.011390525945204844,-0.012972554166409966,-0.01407999323312148,-1,-1,-1,FCL,,0,0,0
2023-06-09,Indicator,MACD_Trend,Bullish,Bullish,Bullish,Neutral,Positive,-0.011390525945204844,-0.012972554166409966,-0.01407999323312148,-1,-1,-1,FCL,,0,0,0
2023-06-09,Indicator,CMF_State,Positive,Bullish,Bullish,Neutral,Positive,-0.011390525945204844,-0.012972554166409966,-0.01407999323312148,-1,-1,-1,FCL,,0,0,0
2023-06-12,Indicator,EMA_Trend,Bullish,Bullish,Bearish,Neutral,Positive,-0.0016002559784465964,-0.002720454697733854,-0.024964051866890435,-1,-1,-1,FCL,,0,0,0
2023-06-12,Indicator,MACD_Trend,Bearish,Bullish,Bearish,Neutral,Positive,-0.0016002559784465964,-0.002720454697733854,-0.024964051866890435,-1,-1,-1,FCL,,1,1,1
2023-06-12,Indicator,CMF_State,Positive,Bullish,Bearish,Neutral,Positive,-0.0016002559784465964,-0.002720454697733854,-0.024964051866890435,-1,-1,-1,FCL,,0,0,0
2023-06-13,Indicator,EMA_Trend,Bullish,Bullish,Bearish,Neutral,Positive,-0.001121994197209153,-0.02340124386884812,-0.013944561414630297,-1,-1,-1,FCL,,0,0,0
2023-06-13,Indicator,MACD_Trend,Bearish,Bullish,Bearish,Neutral,Positive,-0.001121994197209153,-0.02340124386884812,-0.013944561414630297,-1,-1,-1,FCL,,1,1,1
2023-06-13,Indicator,CMF_State,Positive,Bullish,Bearish,Neutral,Positive,-0.001121994197209153,-0.02340124386884812,-0.013944561414630297,-1,-1,-1,FCL,,0,0,0
2023-06-14,Indicator,EMA_Trend,Bullish,Bullish,Bearish,Neutral,Positive,-0.022304274938693025,-0.012836970223521704,-0.0353016681146846,-1,-1,-1,FCL,,0,0,0
2023-06-14,Indicator,MACD_Trend,Bearish,Bullish,Bearish,Neutral,Positive,-0.022304274938693025,-0.012836970223521704,-0.0353016681146846,-1,-1,-1,FCL,,1,1,1
2023-06-14,Indicator,CMF_State,Positive,Bullish,Bearish,Neutral,Positive,-0.022304274938693025,-0.012836970223521704,-0.0353016681146846,-1,-1,-1,FCL,,0,0,0
2023-06-15,Indicator,EMA_Trend,Bullish,Bullish,Bearish,Neutral,Positive,0.00968328332884738,-0.013293904067317563,-0.024618415067319432,1,-1,-1,FCL,,1,0,0
2023-06-15,Indicator,MACD_Trend,Bearish,Bullish,Bearish,Neutral,Positive,0.00968328332884738,-0.013293904067317563,-0.024618415067319432,1,-1,-1,FCL,,0,1,1
2023-06-15,Indicator,CMF_State,Positive,Bullish,Bearish,Neutral,Positive,0.00968328332884738,-0.013293904067317563,-0.024618415067319432,1,-1,-1,FCL,,0,0,0
2023-06-16,Candlestick,CDL_HARAMI,Bullish,Bullish,Bearish,Neutral,Positive,-0.02275682659656486,-0.033972730818199515,-0.0068270678213475655,-1,-1,-1,FCL,,0,0,0
2023-06-16,Indicator,EMA_Trend,Bullish,Bullish,Bearish,Neutral,Positive,-0.02275682659656486,-0.033972730818199515,-0.0068270678213475655,-1,-1,-1,FCL,,0,0,0
2023-06-16,Indicator,MACD_Trend,Bearish,Bullish,Bearish,Neutral,Positive,-0.02275682659656486,-0.033972730818199515,-0.0068270678213475655,-1,-1,-1,FCL,,1,1,1
2023-06-16,Indicator,CMF_State,Positive,Bullish,Bearish,Neutral,Positive,-0.02275682659656486,-0.033972730818199515,-0.0068270678213475655,-1,-1,-1,FCL,,0,0,0
2023-06-19,Candlestick,CDL_BULLISH_ENGULFING,Bearish,Bullish,Bearish,Neutral,Negative,-0.01147708628403421,0.01630071123417398,0.0006652750678397545,-1,1,1,FCL,,1,0,0
2023-06-19,Indicator,EMA_Trend,Bullish,Bullish,Bearish,Neutral,Negative,-0.01147708628403421,0.01630071123417398,0.0006652750678397545,-1,1,1,FCL,,0,1,1
2023-06-19,Indicator,MACD_Trend,Bearish,Bullish,Bearish,Neutral,Negative,-0.01147708628403421,0.01630071123417398,0.0006652750678397545,-1,1,1,FCL,,1,0,0
2023-06-19,Indicator,CMF_State,Negative,Bullish,Bearish,Neutral,Negative,-0.01147708628403421,0.01630071123417398,0.0006652750678397545,-1,1,1,FCL,,0,0,0
2023-06-20,Candlestick,CDL_THREE_OUTSIDE_UP,Bearish,Bullish,Bearish,Neutral,Negative,0.028100307168185346,0.012283338285229428,-0.018004395804831708,1,1,-1,FCL,,0,0,1
2023-06-20,Indicator,EMA_Trend,Bullish,Bullish,Bearish,Neutral,Negative,0.028100307168185346,0.012283338285229428,-0.018004395804831708,1,1,-1,FCL,,1,1,0
2023-06-20,Indicator,MACD_Trend,Bearish,Bullish,Bearish,Neutral,Negative,0.028100307168185346,0.012283338285229428,-0.018004395804831708,1,1,-1,FCL,,0,0,1
2023-06-20,Indicator,CMF_State,Negative,Bullish,Bearish,Neutral,Negative,0.028100307168185346,0.012283338285229428,-0.018004395804831708,1,1,-1,FCL,,0,0,0
2023-06-21,Indicator,EMA_Trend,Bullish,Bullish,Bearish,Neutral,Negative,-0.015384655342164488,-0.0448445571424918,-0.05139120198700897,-1,-1,-1,FCL,,0,0,0
2023-06-21,Indicator,MACD_Trend,Bearish,Bullish,Bearish,Neutral,Negative,-0.015384655342164488,-0.0448445571424918,-0.05139120198700897,-1,-1,-1,FCL,,1,1,1
2023-06-21,Indicator,CMF_State,Negative,Bullish,Bearish,Neutral,Negative,-0.015384655342164488,-0.0448445571424918,-0.05139120198700897,-1,-1,-1,FCL,,0,0,0
2023-06-22,Indicator,EMA_Trend,Bullish,Bullish,Bearish,Neutral,Negative,-0.02992021398017619,-0.036569150420215246,0.009641039001831553,-1,-1,1,FCL,,0,0,1
2023-06-22,Indicator,MACD_Trend,Bearish,Bullish,Bearish,Neutral,Negative,-0.02992021398017619,-0.036569150420215246,0.009641039001831553,-1,-1,1,FCL,,1,1,0
2023-06-22,Indicator,CMF_State,Negative,Bullish,Bearish,Neutral,Negative,-0.02992021398017619,-0.036569150420215246,0.009641039001831553,-1,-1,1,FCL,,0,0,0
2023-06-23,Indicator,EMA_Trend,Bullish,Bullish,Bearish,Neutral,Negative,-0.006854009882341083,0.04078144246704185,0.04695000952759254,-1,1,1,FCL,,0,1,1
2023-06-23,Indicator,MACD_Trend,Bearish,Bullish,Bearish,Neutral,Negative,-0.006854009882341083,0.04078144246704185,0.04695000952759254,-1,1,1,FCL,,1,0,0
2023-06-23,Indicator,CMF_State,Negative,Bullish,Bearish,Neutral,Negative,-0.006854009882341083,0.04078144246704185,0.04695000952759254,-1,1,1,FCL,,0,0,0
2023-06-26,Indicator,EMA_Trend,Bullish,Bullish,Bearish,Neutral,Negative,0.04796419944638708,0.054175337709976956,0.038474896079112364,1,1,1,FCL,,1,1,1
2023-06-26,Indicator,MACD_Trend,Bearish,Bullish,Bearish,Neutral,Negative,0.04796419944638708,0.054175337709976956,0.038474896079112364,1,1,1,FCL,,0,0,0
2023-06-26,Indicator,CMF_State,Negative,Bullish,Bearish,Neutral,Negative,0.04796419944638708,0.054175337709976956,0.038474896079112364,1,1,1,FCL,,0,0,0
2023-06-27,Candlestick,CDL_MORNING_STAR,Bullish,Bullish,Bearish,Neutral,Negative,0.0059268611149798645,-0.009054988111509621,-0.014323364928119364,1,-1,-1,FCL,,1,0,0
2023-06-27,Indicator,EMA_Trend,Bullish,Bullish,Bearish,Neutral,Negative,0.0059268611149798645,-0.009054988111509621,-0.014323364928119364,1,-1,-1,FCL,,1,0,0
2023-06-27,Indicator,MACD_Trend,Bearish,Bullish,Bearish,Neutral,Negative,0.0059268611149798645,-0.009054988111509621,-0.014323364928119364,1,-1,-1,FCL,,0,1,1
2023-06-27,Indicator,CMF_State,Negative,Bullish,Bearish,Neutral,Negative,0.0059268611149798645,-0.009054988111509621,-0.014323364928119364,1,-1,-1,FCL,,0,0,0
2023-06-28,Indicator,EMA_Trend,Bullish,Bullish,Bearish,Neutral,Negative,-0.014893577063727514,-0.02013091291811575,-0.02340423534037439,-1,-1,-1,FCL,,0,0,0
2023-06-28,Indicator,MACD_Trend,Bearish,Bullish,Bearish,Neutral,Negative,-0.014893577063727514,-0.02013091291811575,-0.02340423534037439,-1,-1,-1,FCL,,1,1,1
2023-06-28,Indicator,CMF_State,Negative,Bullish,Bearish,Neutral,Negative,-0.014893577063727514,-0.02013091291811575,-0.02340423534037439,-1,-1,-1,FCL,,0,0,0
2023-06-30,Indicator,EMA_Trend,Bullish,Bullish,Bearish,Neutral,Negative,-0.0053165178222851495,-0.00863932878569551,-0.007310224681160049,-1,-1,-1,FCL,,0,0,0
2023-06-30,Indicator,MACD_Trend,Bearish,Bullish,Bearish,Neutral,Negative,-0.0053165178222851495,-0.00863932878569551,-0.007310224681160049,-1,-1,-1,FCL,,1,1,1
2023-06-30,Indicator,CMF_State,Negative,Bullish,Bearish,Neutral,Negative,-0.0053165178222851495,-0.00863932878569551,-0.007310224681160049,-1,-1,-1,FCL,,0,0,0
2023-07-03,Indicator,EMA_Trend,Bullish,Bullish,Bearish,Neutral,Negative,-0.0033405711695699836,-0.002004363090970296,-0.011357921587309527,-1,-1,-1,FCL,,0,0,0
2023-07-03,Indicator,MACD_Trend,Bearish,Bullish,Bearish,Neutral,Negative,-0.0033405711695699836,-0.002004363090970296,-0.011357921587309527,-1,-1,-1,FCL,,1,1,1
2023-07-03,Indicator,CMF_State,Negative,Bullish,Bearish,Neutral,Negative,-0.0033405711695699836,-0.002004363090970296,-0.011357921587309527,-1,-1,-1,FCL,,0,0,0
2023-07-04,Indicator,EMA_Trend,Bullish,Bullish,Bearish,Neutral,Negative,0.0013406867380643117,-0.008044222716227067,-0.02413277043652262,1,-1,-1,FCL,,1,0,0
2023-07-04,Indicator,MACD_Trend,Bearish,Bullish,Bearish,Neutral,Negative,0.0013406867380643117,-0.008044222716227067,-0.02413277043652262,1,-1,-1,FCL,,0,1,1
2023-07-04,Indicator,CMF_State,Negative,Bullish,Bearish,Neutral,Negative,0.0013406867380643117,-0.008044222716227067,-0.02413277043652262,1,-1,-1,FCL,,0,0,0
2023-07-05,Indicator,EMA_Trend,Bullish,Bullish,Bearish,Neutral,Negative,-0.00937234407688281,-0.025439350974110875,-0.05372380851202929,-1,-1,-1,FCL,,0,0,0
2023-07-05,Indicator,MACD_Trend,Bearish,Bullish,Bearish,Neutral,Negative,-0.00937234407688281,-0.025439350974110875,-0.05372380851202929,-1,-1,-1,FCL,,1,1,1
2023-07-05,Indicator,CMF_State,Negative,Bullish,Bearish,Neutral,Negative,-0.00937234407688281,-0.025439350974110875,-0.05372380851202929,-1,-1,-1,FCL,,0,0,0
2023-07-06,Candlestick,CDL_BULLISH_ENGULFING,Bearish,Bullish,Bearish,Neutral,Negative,-0.016219017106135603,-0.04477107434863359,-0.03970265083746749,-1,-1,-1,FCL,,1,1,1
2023-07-06,Indicator,EMA_Trend,Bullish,Bullish,Bearish,Neutral,Negative,-0.016219017106135603,-0.04477107434863359,-0.03970265083746749,-1,-1,-1,FCL,,0,0,0
2023-07-06,Indicator,MACD_Trend,Bearish,Bullish,Bearish,Neutral,Negative,-0.016219017106135603,-0.04477107434863359,-0.03970265083746749,-1,-1,-1,FCL,,1,1,1
2023-07-06,Indicator,CMF_State,Negative,Bullish,Bearish,Neutral,Negative,-0.016219017106135603,-0.04477107434863359,-0.03970265083746749,-1,-1,-1,FCL,,0,0,0
2023-07-07,Candlestick,CDL_THREE_OUTSIDE_UP,Bearish,Bullish,Bearish,Neutral,Negative,-0.029022778178238395,-0.023870794556582142,-0.04825687132923007,-1,-1,-1,FCL,,1,1,1
2023-07-07,Indicator,EMA_Trend,Bullish,Bullish,Bearish,Neutral,Negative,-0.029022778178238395,-0.023870794556582142,-0.04825687132923007,-1,-1,-1,FCL,,0,0,0
2023-07-07,Indicator,MACD_Trend,Bearish,Bullish,Bearish,Neutral,Negative,-0.029022778178238395,-0.023870794556582142,-0.04825687132923007,-1,-1,-1,FCL,,1,1,1
2023-07-07,Indicator,CMF_State,Negative,Bullish,Bearish,Neutral,Negative,-0.029022778178238395,-0.023870794556582142,-0.04825687132923007,-1,-1,-1,FCL,,0,0,0
2023-07-10,Indicator,EMA_Trend,Bullish,Bullish,Bearish,Neutral,Negative,0.0053059778395110335,-0.019809005524253576,-0.0505837201735756,1,-1,-1,FCL,,1,0,0
2023-07-10,Indicator,MACD_Trend,Bearish,Bullish,Bearish,Neutral,Negative,0.0053059778395110335,-0.019809005524253576,-0.0505837201735756,1,-1,-1,FCL,,0,1,1
2023-07-10,Indicator,CMF_State,Negative,Bullish,Bearish,Neutral,Negative,0.0053059778395110335,-0.019809005524253576,-0.0505837201735756,1,-1,-1,FCL,,0,0,0
2023-07-11,Indicator,EMA_Trend,Bullish,Bullish,Bearish,Neutral,Negative,-0.024982427158882325,-0.05559471369423108,-0.03430682470519186,-1,-1,-1,FCL,,0,0,0
2023-07-11,Indicator,MACD_Trend,Bearish,Bullish,Bearish,Neutral,Negative,-0.024982427158882325,-0.05559471369423108,-0.03430682470519186,-1,-1,-1,FCL,,1,1,1
2023-07-11,Indicator,CMF_State,Negative,Bullish,Bearish,Neutral,Negative,-0.024982427158882325,-0.05559471369423108,-0.03430682470519186,-1,-1,-1,FCL,,0,0,0
2023-07-12,Candlestick,CDL_BULLISH_ENGULFING,Bearish,Bullish,Bearish,Neutral,Negative,-0.031396651084089844,-0.00956331229922247,0.0066763120273065635,-1,-1,1,FCL,,1,1,0
2023-07-12,Indicator,EMA_Trend,Bullish,Bullish,Bearish,Neutral,Negative,-0.031396651084089844,-0.00956331229922247,0.0066763120273065635,-1,-1,1,FCL,,0,0,1
2023-07-12,Indicator,MACD_Trend,Bearish,Bullish,Bearish,Neutral,Negative,-0.031396651084089844,-0.00956331229922247,0.0066763120273065635,-1,-1,1,FCL,,1,1,0
2023-07-12,Indicator,CMF_State,Negative,Bullish,Bearish,Neutral,Negative,-0.031396651084089844,-0.00956331229922247,0.0066763120273065635,-1,-1,1,FCL,,0,0,0
2023-07-13,Candlestick,CDL_THREE_OUTSIDE_UP,Bearish,Bullish,Bearish,Neutral,Negative,0.022541052340262713,0.03930707358590979,0.028688570723295115,1,1,1,FCL,,0,0,0
2023-07-13,Indicator,EMA_Trend,Bullish,Bullish,Bearish,Neutral,Negative,0.022541052340262713,0.03930707358590979,0.028688570723295115,1,1,1,FCL,,1,1,1
2023-07-13,Indicator,MACD_Trend,Bearish,Bullish,Bearish,Neutral,Negative,0.022541052340262713,0.03930707358590979,0.028688570723295115,1,1,1,FCL,,0,0,0
2023-07-13,Indicator,CMF_State,Negative,Bullish,Bearish,Neutral,Negative,0.022541052340262713,0.03930707358590979,0.028688570723295115,1,1,1,FCL,,0,0,0
2023-07-14,Candlestick,CDL_HARAMI,Bullish,Bullish,Bearish,Neutral,Negative,0.016396428492797543,0.006012001541612966,-0.00036438731669719004,1,1,-1,FCL,,1,1,0
2023-07-14,Indicator,EMA_Trend,Bullish,Bullish,Bearish,Neutral,Negative,0.016396428492797543,0.006012001541612966,-0.00036438731669719004,1,1,-1,FCL,,1,1,0
2023-07-14,Indicator,MACD_Trend,Bearish,Bullish,Bearish,Neutral,Negative,0.016396428492797543,0.006012001541612966,-0.00036438731669719004,1,1,-1,FCL,,0,0,1
2023-07-14,Indicator,CMF_State,Negative,Bullish,Bearish,Neutral,Negative,0.016396428492797543,0.006012001541612966,-0.00036438731669719004,1,1,-1,FCL,,0,0,0
2023-07-17,Candlestick,CDL_THREE_INSIDE_UP,Bullish,Bullish,Bearish,Neutral,Negative,-0.010216906179593255,-0.0164904316265152,-0.0274243559035402,-1,-1,-1,FCL,,0,0,0
2023-07-17,Candlestick,CDL_SHOOTING_STAR,Bearish,Bullish,Bearish,Neutral,Negative,-0.010216906179593255,-0.0164904316265152,-0.0274243559035402,-1,-1,-1,FCL,,1,1,1
2023-07-17,Indicator,EMA_Trend,Bullish,Bullish,Bearish,Neutral,Negative,-0.010216906179593255,-0.0164904316265152,-0.0274243559035402,-1,-1,-1,FCL,,0,0,0
2023-07-17,Indicator,MACD_Trend,Bearish,Bullish,Bearish,Neutral,Negative,-0.010216906179593255,-0.0164904316265152,-0.0274243559035402,-1,-1,-1,FCL,,1,1,1
2023-07-17,Indicator,CMF_State,Negative,Bullish,Bearish,Neutral,Negative,-0.010216906179593255,-0.0164904316265152,-0.0274243559035402,-1,-1,-1,FCL,,0,0,0
2023-07-18,Candlestick,CDL_BULLISH_ENGULFING,Bearish,Bullish,Bearish,Neutral,Negative,-0.006338283090598251,-0.01738507136702938,0.021187997009034287,-1,-1,1,FCL,,1,1,0
2023-07-18,Indicator,EMA_Trend,Bullish,Bullish,Bearish,Neutral,Negative,-0.006338283090598251,-0.01738507136702938,0.021187997009034287,-1,-1,1,FCL,,0,0,1
2023-07-18,Indicator,MACD_Trend,Bearish,Bullish,Bearish,Neutral,Negative,-0.006338283090598251,-0.01738507136702938,0.021187997009034287,-1,-1,1,FCL,,1,1,0
2023-07-18,Indicator,CMF_State,Negative,Bullish,Bearish,Neutral,Negative,-0.006338283090598251,-0.01738507136702938,0.021187997009034287,-1,-1,1,FCL,,0,0,0
2023-07-19,Candlestick,CDL_THREE_OUTSIDE_UP,Bearish,Bullish,Bearish,Neutral,Negative,-0.011117252570412073,0.02770186234531402,0.10242393103105352,-1,1,1,FCL,,1,0,0
2023-07-19,Indicator,EMA_Trend,Bullish,Bullish,Bearish,Neutral,Negative,-0.011117252570412073,0.02770186234531402,0.10242393103105352,-1,1,1,FCL,,0,1,1
2023-07-19,Indicator,MACD_Trend,Bearish,Bullish,Bearish,Neutral,Negative,-0.011117252570412073,0.02770186234531402,0.10242393103105352,-1,1,1,FCL,,1,0,0
2023-07-19,Indicator,CMF_State,Negative,Bullish,Bearish,Neutral,Negative,-0.011117252570412073,0.02770186234531402,0.10242393103105352,-1,1,1,FCL,,0,0,0
2023-07-20,Indicator,EMA_Trend,Bullish,Bullish,Bearish,Neutral,Negative,0.03925552854130476,0.11481764030831187,0.1122374256436307,1,1,1,FCL,,1,1,1
2023-07-20,Indicator,MACD_Trend,Bearish,Bullish,Bearish,Neutral,Negative,0.03925552854130476,0.11481764030831187,0.1122374256436307,1,1,1,FCL,,0,0,0
2023-07-20,Indicator,CMF_State,Negative,Bullish,Bearish,Neutral,Negative,0.03925552854130476,0.11481764030831187,0.1122374256436307,1,1,1,FCL,,0,0,0
2023-07-21,Candlestick,CDL_BULLISH_ENGULFING,Bullish,Bullish,Bearish,Neutral,Negative,0.07270792378950919,0.07022517090167724,0.07749591998560867,1,1,1,FCL,,1,1,1
2023-07-21,Indicator,EMA_Trend,Bullish,Bullish,Bearish,Neutral,Negative,0.07270792378950919,0.07022517090167724,0.07749591998560867,1,1,1,FCL,,1,1,1
2023-07-21,Indicator,MACD_Trend,Bearish,Bullish,Bearish,Neutral,Negative,0.07270792378950919,0.07022517090167724,0.07749591998560867,1,1,1,FCL,,0,0,0
2023-07-21,Indicator,CMF_State,Negative,Bullish,Bearish,Neutral,Negative,0.07270792378950919,0.07022517090167724,0.07749591998560867,1,1,1,FCL,,0,0,0
2023-07-24,Candlestick,CDL_THREE_OUTSIDE_UP,Bullish,Bullish,Bullish,Neutral,Positive,-0.0023144724046235687,0.0044634667926990446,-0.007769899185545492,-1,1,-1,FCL,,0,1,0
2023-07-24,Indicator,EMA_Trend,Bullish,Bullish,Bullish,Neutral,Positive,-0.0023144724046235687,0.0044634667926990446,-0.007769899185545492,-1,1,-1,FCL,,0,1,0
2023-07-24,Indicator,MACD_Trend,Bullish,Bullish,Bullish,Neutral,Positive,-0.0023144724046235687,0.0044634667926990446,-0.007769899185545492,-1,1,-1,FCL,,0,1,0
2023-07-24,Indicator,CMF_State,Positive,Bullish,Bullish,Neutral,Positive,-0.0023144724046235687,0.0044634667926990446,-0.007769899185545492,-1,1,-1,FCL,,0,0,0
2023-07-25,Indicator,EMA_Trend,Bullish,Bullish,Bullish,Neutral,Negative,0.006793662942729872,-0.00546808250699049,-0.025020672056234483,1,-1,-1,FCL,,1,0,0
2023-07-25,Indicator,MACD_Trend,Bullish,Bullish,Bullish,Neutral,Negative,0.006793662942729872,-0.00546808250699049,-0.025020672056234483,1,-1,-1,FCL,,1,0,0
2023-07-25,Indicator,CMF_State,Negative,Bullish,Bullish,Neutral,Negative,0.006793662942729872,-0.00546808250699049,-0.025020672056234483,1,-1,-1,FCL,,0,0,0
2023-07-26,Indicator,EMA_Trend,Bullish,Bullish,Bullish,Neutral,Positive,-0.0121790053921087,-0.031599657576285356,-0.016293554602860638,-1,-1,-1,FCL,,0,0,0
2023-07-26,Indicator,MACD_Trend,Bullish,Bullish,Bullish,Neutral,Positive,-0.0121790053921087,-0.031599657576285356,-0.016293554602860638,-1,-1,-1,FCL,,0,0,0
2023-07-26,Indicator,CMF_State,Positive,Bullish,Bullish,Neutral,Positive,-0.0121790053921087,-0.031599657576285356,-0.016293554602860638,-1,-1,-1,FCL,,0,0,0
2023-07-27,Indicator,EMA_Trend,Bullish,Bullish,Bullish,Neutral,Positive,-0.019660092557443165,-0.0041652781558718655,-0.012662506608667301,-1,-1,-1,FCL,,0,0,0
2023-07-27,Indicator,MACD_Trend,Bullish,Bullish,Bullish,Neutral,Positive,-0.019660092557443165,-0.0041652781558718655,-0.012662506608667301,-1,-1,-1,FCL,,0,0,0
2023-07-27,Indicator,CMF_State,Positive,Bullish,Bullish,Neutral,Positive,-0.019660092557443165,-0.0041652781558718655,-0.012662506608667301,-1,-1,-1,FCL,,0,0,0
2023-07-28,Indicator,EMA_Trend,Bullish,Bullish,Bullish,Neutral,Positive,0.015805553037204323,0.007137918078873984,-0.0064582744229304545,1,1,-1,FCL,,1,1,0
2023-07-28,Indicator,MACD_Trend,Bullish,Bullish,Bullish,Neutral,Positive,0.015805553037204323,0.007137918078873984,-0.0064582744229304545,1,1,-1,FCL,,1,1,0
2023-07-28,Indicator,CMF_State,Positive,Bullish,Bullish,Neutral,Positive,0.015805553037204323,0.007137918078873984,-0.0064582744229304545,1,1,-1,FCL,,0,0,0
2023-07-31,Indicator,EMA_Trend,Bullish,Bullish,Bullish,Neutral,Positive,-0.008532769812504504,-0.021917410663455317,-0.019909694112471565,-1,-1,-1,FCL,,0,0,0
2023-07-31,Indicator,MACD_Trend,Bullish,Bullish,Bullish,Neutral,Positive,-0.008532769812504504,-0.021917410663455317,-0.019909694112471565,-1,-1,-1,FCL,,0,0,0
2023-07-31,Indicator,CMF_State,Positive,Bullish,Bullish,Neutral,Positive,-0.008532769812504504,-0.021917410663455317,-0.019909694112471565,-1,-1,-1,FCL,,0,0,0
2023-08-01,Indicator,EMA_Trend,Bullish,Bullish,Bullish,Neutral,Positive,-0.013499831808278295,-0.011474836437928015,-0.00016870669938628957,-1,-1,-1,FCL,,0,0,0
2023-08-01,Indicator,MACD_Trend,Bullish,Bullish,Bullish,Neutral,Positive,-0.013499831808278295,-0.011474836437928015,-0.00016870669938628957,-1,-1,-1,FCL,,0,0,0
2023-08-01,Indicator,CMF_State,Positive,Bullish,Bullish,Neutral,Positive,-0.013499831808278295,-0.011474836437928015,-0.00016870669938628957,-1,-1,-1,FCL,,0,0,0
2023-08-02,Candlestick,CDL_HAMMER,Bullish,Bullish,Bullish,Neutral,Positive,0.0020527065637121478,0.013513555839862024,0.027369142436181937,1,1,1,FCL,,1,1,1
2023-08-02,Indicator,EMA_Trend,Bullish,Bullish,Bullish,Neutral,Positive,0.0020527065637121478,0.013513555839862024,0.027369142436181937,1,1,1,FCL,,1,1,1
2023-08-02,Indicator,MACD_Trend,Bullish,Bullish,Bullish,Neutral,Positive,0.0020527065637121478,0.013513555839862024,0.027369142436181937,1,1,1,FCL,,1,1,1
2023-08-02,Indicator,CMF_State,Positive,Bullish,Bullish,Neutral,Positive,0.0020527065637121478,0.013513555839862024,0.027369142436181937,1,1,1,FCL,,0,0,0
2023-08-03,Indicator,EMA_Trend,Bullish,Bullish,Bullish,Neutral,Positive,0.011437371708172828,0.025264575113305154,0.0027313701851070515,1,1,1,FCL,,1,1,1
2023-08-03,Indicator,MACD_Trend,Bullish,Bullish,Bullish,Neutral,Positive,0.011437371708172828,0.025264575113305154,0.0027313701851070515,1,1,1,FCL,,1,1,1
2023-08-03,Indicator,CMF_State,Positive,Bullish,Bullish,Neutral,Positive,0.011437371708172828,0.025264575113305154,0.0027313701851070515,1,1,1,FCL,,0,0,0
2023-08-04,Indicator,EMA_Trend,Bullish,Bullish,Bullish,Neutral,Positive,0.013670844870780519,-0.008607553731540096,-0.01755278382120251,1,-1,-1,FCL,,1,0,0
2023-08-04,Indicator,MACD_Trend,Bullish,Bullish,Bullish,Neutral,Positive,0.013670844870780519,-0.008607553731540096,-0.01755278382120251,1,-1,-1,FCL,,1,0,0
2023-08-04,Indicator,CMF_State,Positive,Bullish,Bullish,Neutral,Positive,0.013670844870780519,-0.008607553731540096,-0.01755278382120251,1,-1,-1,FCL,,0,0,0
2023-08-07,Indicator,EMA_Trend,Bullish,Bullish,Bullish,Neutral,Positive,-0.02197794157250388,-0.0308025320546369,-0.040292960632017705,-1,-1,-1,FCL,,0,0,0
2023-08-07,Indicator,MACD_Trend,Bullish,Bullish,Bullish,Neutral,Positive,-0.02197794157250388,-0.0308025320546369,-0.040292960632017705,-1,-1,-1,FCL,,0,0,0
2023-08-07,Indicator,CMF_State,Positive,Bullish,Bullish,Neutral,Positive,-0.02197794157250388,-0.0308025320546369,-0.040292960632017705,-1,-1,-1,FCL,,0,0,0
2023-08-08,Indicator,EMA_Trend,Bullish,Bullish,Bullish,Neutral,Positive,-0.00902289514443222,-0.018726590981967717,-0.030813816596532706,-1,-1,-1,FCL,,0,0,0
2023-08-08,Indicator,MACD_Trend,Bullish,Bullish,Bullish,Neutral,Positive,-0.00902289514443222,-0.018726590981967717,-0.030813816596532706,-1,-1,-1,FCL,,0,0,0
2023-08-08,Indicator,CMF_State,Positive,Bullish,Bullish,Neutral,Positive,-0.00902289514443222,-0.018726590981967717,-0.030813816596532706,-1,-1,-1,FCL,,0,0,0
2023-08-09,Indicator,EMA_Trend,Bullish,Bullish,Bullish,Neutral,Positive,-0.009792048464076109,-0.021989328860707147,-0.0015460632479847858,-1,-1,-1,FCL,,0,0,0
2023-08-09,Indicator,MACD_Trend,Bullish,Bullish,Bullish,Neutral,Positive,-0.009792048464076109,-0.021989328860707147,-0.0015460632479847858,-1,-1,-1,FCL,,0,0,0
2023-08-09,Indicator,CMF_State,Positive,Bullish,Bullish,Neutral,Positive,-0.009792048464076109,-0.021989328860707147,-0.0015460632479847858,-1,-1,-1,FCL,,0,0,0
2023-08-10,Indicator,EMA_Trend,Bullish,Bullish,Bearish,Neutral,Positive,-0.012317897849347337,0.008327528781505888,-0.007980632245409569,-1,1,-1,FCL,,0,1,0
2023-08-10,Indicator,MACD_Trend,Bearish,Bullish,Bearish,Neutral,Positive,-0.012317897849347337,0.008327528781505888,-0.007980632245409569,-1,1,-1,FCL,,1,0,1
2023-08-10,Indicator,CMF_State,Positive,Bullish,Bearish,Neutral,Positive,-0.012317897849347337,0.008327528781505888,-0.007980632245409569,-1,1,-1,FCL,,0,0,0
2023-08-11,Indicator,EMA_Trend,Bullish,Bullish,Bearish,Neutral,Positive,0.020902906497848095,0.004391357901994519,-0.009309657310050956,1,1,-1,FCL,,1,1,0
2023-08-11,Indicator,MACD_Trend,Bearish,Bullish,Bearish,Neutral,Positive,0.020902906497848095,0.004391357901994519,-0.009309657310050956,1,1,-1,FCL,,0,0,1
2023-08-11,Indicator,CMF_State,Positive,Bullish,Bearish,Neutral,Positive,0.020902906497848095,0.004391357901994519,-0.009309657310050956,1,1,-1,FCL,,0,0,0
2023-08-14,Candlestick,CDL_BULLISH_ENGULFING,Bullish,Bullish,Bearish,Neutral,Positive,-0.01617347594052365,-0.02959396394662217,-0.045079166649601654,-1,-1,-1,FCL,,0,0,0
2023-08-14,Indicator,EMA_Trend,Bullish,Bullish,Bearish,Neutral,Positive,-0.01617347594052365,-0.02959396394662217,-0.045079166649601654,-1,-1,-1,FCL,,0,0,0
2023-08-14,Indicator,MACD_Trend,Bearish,Bullish,Bearish,Neutral,Positive,-0.01617347594052365,-0.02959396394662217,-0.045079166649601654,-1,-1,-1,FCL,,1,1,1
2023-08-14,Indicator,CMF_State,Positive,Bullish,Bearish,Neutral,Positive,-0.01617347594052365,-0.02959396394662217,-0.045079166649601654,-1,-1,-1,FCL,,0,0,0
2023-08-16,Candlestick,CDL_HARAMI,Bearish,Bullish,Bearish,Neutral,Positive,-0.013641112206166928,-0.029380881692238736,-0.031129744968468875,-1,-1,-1,FCL,,1,1,1
2023-08-16,Indicator,EMA_Trend,Bullish,Bullish,Bearish,Neutral,Positive,-0.013641112206166928,-0.029380881692238736,-0.031129744968468875,-1,-1,-1,FCL,,0,0,0
2023-08-16,Indicator,MACD_Trend,Bearish,Bullish,Bearish,Neutral,Positive,-0.013641112206166928,-0.029380881692238736,-0.031129744968468875,-1,-1,-1,FCL,,1,1,1
2023-08-16,Indicator,CMF_State,Positive,Bullish,Bearish,Neutral,Positive,-0.013641112206166928,-0.029380881692238736,-0.031129744968468875,-1,-1,-1,FCL,,0,0,0
2023-08-17,Candlestick,CDL_THREE_INSIDE_UP,Bearish,Bullish,Bearish,Neutral,Positive,-0.015957446808510634,-0.01773049645390068,-0.006382935436059389,-1,-1,-1,FCL,,1,1,1
2023-08-17,Indicator,EMA_Trend,Bullish,Bullish,Bearish,Neutral,Positive,-0.015957446808510634,-0.01773049645390068,-0.006382935436059389,-1,-1,-1,FCL,,0,0,0
2023-08-17,Indicator,MACD_Trend,Bearish,Bullish,Bearish,Neutral,Positive,-0.015957446808510634,-0.01773049645390068,-0.006382935436059389,-1,-1,-1,FCL,,1,1,1
2023-08-17,Indicator,CMF_State,Positive,Bullish,Bearish,Neutral,Positive,-0.015957446808510634,-0.01773049645390068,-0.006382935436059389,-1,-1,-1,FCL,,0,0,0
2023-08-18,Indicator,EMA_Trend,Bullish,Bullish,Bearish,Neutral,Positive,-0.0018018018018017834,0.00972977371903161,0.023963941969313174,-1,1,1,FCL,,0,1,1
2023-08-18,Indicator,MACD_Trend,Bearish,Bullish,Bearish,Neutral,Positive,-0.0018018018018017834,0.00972977371903161,0.023963941969313174,-1,1,1,FCL,,1,0,0
2023-08-18,Indicator,CMF_State,Positive,Bullish,Bearish,Neutral,Positive,-0.0018018018018017834,0.00972977371903161,0.023963941969313174,-1,1,1,FCL,,0,0,0
2023-08-21,Indicator,EMA_Trend,Bullish,Bullish,Bearish,Neutral,Positive,0.011552390639101962,0.025812252333878627,0.022563176895306958,1,1,1,FCL,,1,1,1
2023-08-21,Indicator,MACD_Trend,Bearish,Bullish,Bearish,Neutral,Positive,0.011552390639101962,0.025812252333878627,0.022563176895306958,1,1,1,FCL,,0,0,0
2023-08-21,Indicator,CMF_State,Positive,Bullish,Bearish,Neutral,Positive,0.011552390639101962,0.025812252333878627,0.022563176895306958,1,1,1,FCL,,0,0,0
2023-08-22,Candlestick,CDL_SHOOTING_STAR,Bearish,Bearish,Bearish,Neutral,Negative,0.014097007556640007,0.010885038044592177,0.004104189316147089,1,1,1,FCL,,0,0,0
2023-08-22,Indicator,EMA_Trend,Bearish,Bearish,Bearish,Neutral,Negative,0.014097007556640007,0.010885038044592177,0.004104189316147089,1,1,1,FCL,,0,0,0
2023-08-22,Indicator,MACD_Trend,Bearish,Bearish,Bearish,Neutral,Negative,0.014097007556640007,0.010885038044592177,0.004104189316147089,1,1,1,FCL,,0,0,0
2023-08-22,Indicator,CMF_State,Negative,Bearish,Bearish,Neutral,Negative,0.014097007556640007,0.010885038044592177,0.004104189316147089,1,1,1,FCL,,0,0,0
2023-08-23,Indicator,EMA_Trend,Bearish,Bearish,Bearish,Neutral,Negative,-0.003167319781158362,-0.009853907630168024,-0.010557804203553456,-1,-1,-1,FCL,,1,1,1
2023-08-23,Indicator,MACD_Trend,Bearish,Bearish,Bearish,Neutral,Negative,-0.003167319781158362,-0.009853907630168024,-0.010557804203553456,-1,-1,-1,FCL,,1,1,1
2023-08-23,Indicator,CMF_State,Negative,Bearish,Bearish,Neutral,Negative,-0.003167319781158362,-0.009853907630168024,-0.010557804203553456,-1,-1,-1,FCL,,0,0,0
2023-08-24,Indicator,EMA_Trend,Bearish,Bearish,Bearish,Neutral,Negative,-0.006707833703387012,-0.0074139668261804514,0.07519854472363185,-1,-1,1,FCL,,1,1,0
2023-08-24,Indicator,MACD_Trend,Bearish,Bearish,Bearish,Neutral,Negative,-0.006707833703387012,-0.0074139668261804514,0.07519854472363185,-1,-1,1,FCL,,1,1,0
2023-08-24,Indicator,CMF_State,Negative,Bearish,Bearish,Neutral,Negative,-0.006707833703387012,-0.0074139668261804514,0.07519854472363185,-1,-1,1,FCL,,0,0,0
2023-08-25,Indicator,EMA_Trend,Bearish,Bearish,Bearish,Neutral,Negative,-0.000710901733400604,0.08245950306081484,0.11977956622845798,-1,1,1,FCL,,1,0,0
2023-08-25,Indicator,MACD_Trend,Bearish,Bearish,Bearish,Neutral,Negative,-0.000710901733400604,0.08245950306081484,0.11977956622845798,-1,1,1,FCL,,1,0,0
2023-08-25,Indicator,CMF_State,Negative,Bearish,Bearish,Neutral,Negative,-0.000710901733400604,0.08245950306081484,0.11977956622845798,-1,1,1,FCL,,0,0,0
2023-08-28,Indicator,EMA_Trend,Bearish,Bearish,Bearish,Neutral,Negative,0.08322957284181887,0.12057618578133744,0.11346254522142907,1,1,1,FCL,,0,0,0
2023-08-28,Indicator,MACD_Trend,Bearish,Bearish,Bearish,Neutral,Negative,0.08322957284181887,0.12057618578133744,0.11346254522142907,1,1,1,FCL,,0,0,0
2023-08-28,Indicator,CMF_State,Negative,Bearish,Bearish,Neutral,Negative,0.08322957284181887,0.12057618578133744,0.11346254522142907,1,1,1,FCL,,0,0,0
2023-08-29,Indicator,EMA_Trend,Bearish,Bearish,Bullish,Neutral,Positive,0.03447709873867355,0.027910032312259414,0.028238405674676503,1,1,1,FCL,,0,0,0
2023-08-29,Indicator,MACD_Trend,Bullish,Bearish,Bullish,Neutral,Positive,0.03447709873867355,0.027910032312259414,0.028238405674676503,1,1,1,FCL,,1,1,1
2023-08-29,Indicator,CMF_State,Positive,Bearish,Bullish,Neutral,Positive,0.03447709873867355,0.027910032312259414,0.028238405674676503,1,1,1,FCL,,0,0,0
2023-08-30,Indicator,EMA_Trend,Bullish,Bullish,Bullish,Neutral,Positive,-0.006348198944588712,-0.006030769624193466,0.0847484946565904,-1,-1,1,FCL,,0,0,1
2023-08-30,Indicator,MACD_Trend,Bullish,Bullish,Bullish,Neutral,Positive,-0.006348198944588712,-0.006030769624193466,0.0847484946565904,-1,-1,1,FCL,,0,0,1
2023-08-30,Indicator,CMF_State,Positive,Bullish,Bullish,Neutral,Positive,-0.006348198944588712,-0.006030769624193466,0.0847484946565904,-1,-1,1,FCL,,0,0,0
2023-08-31,Indicator,EMA_Trend,Bullish,Bullish,Bullish,Neutral,Negative,0.00031945729888271934,0.0916786881525502,0.07442906634436941,1,1,1,FCL,,1,1,1
2023-08-31,Indicator,MACD_Trend,Bullish,Bullish,Bullish,Neutral,Negative,0.00031945729888271934,0.0916786881525502,0.07442906634436941,1,1,1,FCL,,1,1,1
2023-08-31,Indicator,CMF_State,Negative,Bullish,Bullish,Neutral,Negative,0.00031945729888271934,0.0916786881525502,0.07442906634436941,1,1,1,FCL,,0,0,0
2023-09-01,Indicator,EMA_Trend,Bullish,Bullish,Bullish,Neutral,Negative,0.09133005480105405,0.07408594175064964,0.10122948371351415,1,1,1,FCL,,1,1,1
2023-09-01,Indicator,MACD_Trend,Bullish,Bullish,Bullish,Neutral,Negative,0.09133005480105405,0.07408594175064964,0.10122948371351415,1,1,1,FCL,,1,1,1
2023-09-01,Indicator,CMF_State,Negative,Bullish,Bullish,Neutral,Negative,0.09133005480105405,0.07408594175064964,0.10122948371351415,1,1,1,FCL,,0,0,0
2023-09-04,Indicator,EMA_Trend,Bullish,Bullish,Bullish,Overbought,Positive,-0.01580100628086134,0.009070976162445232,-0.003365015059208165,-1,1,-1,FCL,,0,1,0
2023-09-04,Indicator,MACD_Trend,Bullish,Bullish,Bullish,Overbought,Positive,-0.01580100628086134,0.009070976162445232,-0.003365015059208165,-1,1,-1,FCL,,0,1,0
2023-09-04,Indicator,RSI_State,Overbought,Bullish,Bullish,Overbought,Positive,-0.01580100628086134,0.009070976162445232,-0.003365015059208165,-1,1,-1,FCL,,0,0,0
2023-09-04,Indicator,CMF_State,Positive,Bullish,Bullish,Overbought,Positive,-0.01580100628086134,0.009070976162445232,-0.003365015059208165,-1,1,-1,FCL,,0,0,0
2023-09-05,Indicator,EMA_Trend,Bullish,Bullish,Bullish,Overbought,Positive,0.025271294323639948,0.012635647161819863,0.016946578225121023,1,1,1,FCL,,1,1,1
2023-09-05,Indicator,MACD_Trend,Bullish,Bullish,Bullish,Overbought,Positive,0.025271294323639948,0.012635647161819863,0.016946578225121023,1,1,1,FCL,,1,1,1
2023-09-05,Indicator,RSI_State,Overbought,Bullish,Bullish,Overbought,Positive,0.025271294323639948,0.012635647161819863,0.016946578225121023,1,1,1,FCL,,0,0,0
2023-09-05,Indicator,CMF_State,Positive,Bullish,Bullish,Overbought,Positive,0.025271294323639948,0.012635647161819863,0.016946578225121023,1,1,1,FCL,,0,0,0
2023-09-06,Indicator,EMA_Trend,Bullish,Bullish,Bullish,Overbought,Positive,-0.01232419870894319,-0.008119525187731513,-0.0049297148816663805,-1,-1,-1,FCL,,0,0,0
2023-09-06,Indicator,MACD_Trend,Bullish,Bullish,Bullish,Overbought,Positive,-0.01232419870894319,-0.008119525187731513,-0.0049297148816663805,-1,-1,-1,FCL,,0,0,0
2023-09-06,Indicator,RSI_State,Overbought,Bullish,Bullish,Overbought,Positive,-0.01232419870894319,-0.008119525187731513,-0.0049297148816663805,-1,-1,-1,FCL,,0,0,0
2023-09-06,Indicator,CMF_State,Positive,Bullish,Bullish,Overbought,Positive,-0.01232419870894319,-0.008119525187731513,-0.0049297148816663805,-1,-1,-1,FCL,,0,0,0
2023-09-07,Indicator,EMA_Trend,Bullish,Bullish,Bullish,Overbought,Positive,0.004257139352523698,0.00748675204719107,-0.09879622223570195,1,1,-1,FCL,,1,1,0
2023-09-07,Indicator,MACD_Trend,Bullish,Bullish,Bullish,Overbought,Positive,0.004257139352523698,0.00748675204719107,-0.09879622223570195,1,1,-1,FCL,,1,1,0
2023-09-07,Indicator,RSI_State,Overbought,Bullish,Bullish,Overbought,Positive,0.004257139352523698,0.00748675204719107,-0.09879622223570195,1,1,-1,FCL,,0,0,0
2023-09-07,Indicator,CMF_State,Positive,Bullish,Bullish,Overbought,Positive,0.004257139352523698,0.00748675204719107,-0.09879622223570195,1,1,-1,FCL,,0,0,0
2023-09-08,Indicator,EMA_Trend,Bullish,Bullish,Bullish,Overbought,Positive,0.0032159220662841825,-0.10261650881035067,-0.04619204314233727,1,-1,-1,FCL,,1,0,0
2023-09-08,Indicator,MACD_Trend,Bullish,Bullish,Bullish,Overbought,Positive,0.0032159220662841825,-0.10261650881035067,-0.04619204314233727,1,-1,-1,FCL,,1,0,0
2023-09-08,Indicator,RSI_State,Overbought,Bullish,Bullish,Overbought,Positive,0.0032159220662841825,-0.10261650881035067,-0.04619204314233727,1,-1,-1,FCL,,0,0,0
2023-09-08,Indicator,CMF_State,Positive,Bullish,Bullish,Overbought,Positive,0.0032159220662841825,-0.10261650881035067,-0.04619204314233727,1,-1,-1,FCL,,0,0,0
2023-09-11,Indicator,EMA_Trend,Bullish,Bullish,Bullish,Overbought,Positive,-0.10549317305356942,-0.04924958238985855,-0.0336587148430868,-1,-1,-1,FCL,,0,0,0
2023-09-11,Indicator,MACD_Trend,Bullish,Bullish,Bullish,Overbought,Positive,-0.10549317305356942,-0.04924958238985855,-0.0336587148430868,-1,-1,-1,FCL,,0,0,0
2023-09-11,Indicator,RSI_State,Overbought,Bullish,Bullish,Overbought,Positive,-0.10549317305356942,-0.04924958238985855,-0.0336587148430868,-1,-1,-1,FCL,,0,0,0
2023-09-11,Indicator,CMF_State,Positive,Bullish,Bullish,Overbought,Positive,-0.10549317305356942,-0.04924958238985855,-0.0336587148430868,-1,-1,-1,FCL,,0,0,0
2023-09-12,Indicator,EMA_Trend,Bullish,Bullish,Bullish,Neutral,Positive,0.06287664774533819,0.08030621572302943,0.06352825940546847,1,1,1,FCL,,1,1,1
2023-09-12,Indicator,MACD_Trend,Bullish,Bullish,Bullish,Neutral,Positive,0.06287664774533819,0.08030621572302943,0.06352825940546847,1,1,1,FCL,,1,1,1
2023-09-12,Indicator,CMF_State,Positive,Bullish,Bullish,Neutral,Positive,0.06287664774533819,0.08030621572302943,0.06352825940546847,1,1,1,FCL,,0,0,0
2023-09-13,Indicator,EMA_Trend,Bullish,Bullish,Bullish,Neutral,Positive,0.016398486141044,0.0006130642361110716,-0.03065134099616862,1,1,-1,FCL,,1,1,0
2023-09-13,Indicator,MACD_Trend,Bullish,Bullish,Bullish,Neutral,Positive,0.016398486141044,0.0006130642361110716,-0.03065134099616862,1,1,-1,FCL,,1,1,0
2023-09-13,Indicator,CMF_State,Positive,Bullish,Bullish,Neutral,Positive,0.016398486141044,0.0006130642361110716,-0.03065134099616862,1,1,-1,FCL,,0,0,0
2023-09-14,Indicator,EMA_Trend,Bullish,Bullish,Bullish,Neutral,Positive,-0.015530741259626835,-0.04629072925506461,-0.03483117641120104,-1,-1,-1,FCL,,0,0,0
2023-09-14,Indicator,MACD_Trend,Bullish,Bullish,Bullish,Neutral,Positive,-0.015530741259626835,-0.04629072925506461,-0.03483117641120104,-1,-1,-1,FCL,,0,0,0
2023-09-14,Indicator,CMF_State,Positive,Bullish,Bullish,Neutral,Positive,-0.015530741259626835,-0.04629072925506461,-0.03483117641120104,-1,-1,-1,FCL,,0,0,0
2023-09-15,Indicator,EMA_Trend,Bullish,Bullish,Bullish,Neutral,Positive,-0.031245249887025595,-0.019604913998299,-0.03584013407728481,-1,-1,-1,FCL,,0,0,0
2023-09-15,Indicator,MACD_Trend,Bullish,Bullish,Bullish,Neutral,Positive,-0.031245249887025595,-0.019604913998299,-0.03584013407728481,-1,-1,-1,FCL,,0,0,0
2023-09-15,Indicator,CMF_State,Positive,Bullish,Bullish,Neutral,Positive,-0.031245249887025595,-0.019604913998299,-0.03584013407728481,-1,-1,-1,FCL,,0,0,0
2023-09-18,Indicator,EMA_Trend,Bullish,Bullish,Bearish,Neutral,Positive,0.012015771677371445,-0.004743083003952542,-0.005691661005434834,1,-1,-1,FCL,,1,0,0
2023-09-18,Indicator,MACD_Trend,Bearish,Bullish,Bearish,Neutral,Positive,0.012015771677371445,-0.004743083003952542,-0.005691661005434834,1,-1,-1,FCL,,0,1,1
2023-09-18,Indicator,CMF_State,Positive,Bullish,Bearish,Neutral,Positive,0.012015771677371445,-0.004743083003952542,-0.005691661005434834,1,-1,-1,FCL,,0,0,0
2023-09-20,Candlestick,CDL_HARAMI,Bullish,Bullish,Bearish,Neutral,Positive,-0.016559875004267033,-0.017497190437513632,-0.012341764849584269,-1,-1,-1,FCL,,0,0,0
2023-09-20,Candlestick,CDL_HARAMI_CROSS,Bullish,Bullish,Bearish,Neutral,Positive,-0.016559875004267033,-0.017497190437513632,-0.012341764849584269,-1,-1,-1,FCL,,0,0,0
2023-09-20,Indicator,EMA_Trend,Bullish,Bullish,Bearish,Neutral,Positive,-0.016559875004267033,-0.017497190437513632,-0.012341764849584269,-1,-1,-1,FCL,,0,0,0
2023-09-20,Indicator,MACD_Trend,Bearish,Bullish,Bearish,Neutral,Positive,-0.016559875004267033,-0.017497190437513632,-0.012341764849584269,-1,-1,-1,FCL,,1,1,1
2023-09-20,Indicator,CMF_State,Positive,Bullish,Bearish,Neutral,Positive,-0.016559875004267033,-0.017497190437513632,-0.012341764849584269,-1,-1,-1,FCL,,0,0,0
2023-09-21,Indicator,EMA_Trend,Bullish,Bullish,Bearish,Neutral,Positive,-0.0009530986273827979,0.004289137739525328,0.004130223329527505,-1,1,1,FCL,,0,1,1
2023-09-21,Indicator,MACD_Trend,Bearish,Bullish,Bearish,Neutral,Positive,-0.0009530986273827979,0.004289137739525328,0.004130223329527505,-1,1,1,FCL,,1,0,0
2023-09-21,Indicator,CMF_State,Positive,Bullish,Bearish,Neutral,Positive,-0.0009530986273827979,0.004289137739525328,0.004130223329527505,-1,1,1,FCL,,0,0,0
2023-09-22,Indicator,EMA_Trend,Bullish,Bullish,Bearish,Neutral,Positive,0.005247237501768698,0.00508817148616969,0.01319762676222136,1,1,1,FCL,,1,1,1
2023-09-22,Indicator,MACD_Trend,Bearish,Bullish,Bearish,Neutral,Positive,0.005247237501768698,0.00508817148616969,0.01319762676222136,1,1,1,FCL,,0,0,0
2023-09-22,Indicator,CMF_State,Positive,Bullish,Bearish,Neutral,Positive,0.005247237501768698,0.00508817148616969,0.01319762676222136,1,1,1,FCL,,0,0,0
2023-09-25,Candlestick,CDL_BULLISH_ENGULFING,Bullish,Bullish,Bearish,Neutral,Positive,-0.00015823571522011193,0.007908889439190103,0.0017399170589975643,-1,1,1,FCL,,0,1,1
2023-09-25,Indicator,EMA_Trend,Bullish,Bullish,Bearish,Neutral,Positive,-0.00015823571522011193,0.007908889439190103,0.0017399170589975643,-1,1,1,FCL,,0,1,1
2023-09-25,Indicator,MACD_Trend,Bearish,Bullish,Bearish,Neutral,Positive,-0.00015823571522011193,0.007908889439190103,0.0017399170589975643,-1,1,1,FCL,,1,0,0
2023-09-25,Indicator,CMF_State,Positive,Bullish,Bearish,Neutral,Positive,-0.00015823571522011193,0.007908889439190103,0.0017399170589975643,-1,1,1,FCL,,0,0,0
2023-09-26,Indicator,EMA_Trend,Bullish,Bullish,Bearish,Neutral,Positive,0.008068401863749797,0.0018984531773140745,0.012339897372871445,1,1,1,FCL,,1,1,1
2023-09-26,Indicator,MACD_Trend,Bearish,Bullish,Bearish,Neutral,Positive,0.008068401863749797,0.0018984531773140745,0.012339897372871445,1,1,1,FCL,,0,0,0
2023-09-26,Indicator,CMF_State,Positive,Bullish,Bearish,Neutral,Positive,0.008068401863749797,0.0018984531773140745,0.012339897372871445,1,1,1,FCL,,0,0,0
2023-09-27,Candlestick,CDL_BULLISH_ENGULFING,Bullish,Bullish,Bearish,Neutral,Positive,-0.006120565504313502,0.004237307211717445,-0.005649774877788394,-1,1,-1,FCL,,0,1,0
2023-09-27,Indicator,EMA_Trend,Bullish,Bullish,Bearish,Neutral,Positive,-0.006120565504313502,0.004237307211717445,-0.005649774877788394,-1,1,-1,FCL,,0,1,0
2023-09-27,Indicator,MACD_Trend,Bearish,Bullish,Bearish,Neutral,Positive,-0.006120565504313502,0.004237307211717445,-0.005649774877788394,-1,1,-1,FCL,,1,0,1
2023-09-27,Indicator,CMF_State,Positive,Bullish,Bearish,Neutral,Positive,-0.006120565504313502,0.004237307211717445,-0.005649774877788394,-1,1,-1,FCL,,0,0,0
2023-09-28,Indicator,EMA_Trend,Bullish,Bullish,Bearish,Neutral,Positive,0.010421659163605268,0.00047368987644258453,-0.010737388163651329,1,1,-1,FCL,,1,1,0
2023-09-28,Indicator,MACD_Trend,Bearish,Bullish,Bearish,Neutral,Positive,0.010421659163605268,0.00047368987644258453,-0.010737388163651329,1,1,-1,FCL,,0,0,1
2023-09-28,Indicator,CMF_State,Positive,Bullish,Bearish,Neutral,Positive,0.010421659163605268,0.00047368987644258453,-0.010737388163651329,1,1,-1,FCL,,0,0,0
2023-09-29,Indicator,EMA_Trend,Bullish,Bullish,Bearish,Neutral,Positive,-0.00984536425653959,-0.020940809349605072,-0.012814520853534517,-1,-1,-1,FCL,,0,0,0
2023-09-29,Indicator,MACD_Trend,Bearish,Bullish,Bearish,Neutral,Positive,-0.00984536425653959,-0.020940809349605072,-0.012814520853534517,-1,-1,-1,FCL,,1,1,1
2023-09-29,Indicator,CMF_State,Positive,Bullish,Bearish,Neutral,Positive,-0.00984536425653959,-0.020940809349605072,-0.012814520853534517,-1,-1,-1,FCL,,0,0,0
2023-10-03,Candlestick,CDL_BULLISH_ENGULFING,Bearish,Bullish,Bearish,Neutral,Positive,-0.011205769980296543,-0.0029986796908400004,0.01341540455733048,-1,-1,1,FCL,,1,1,0
2023-10-03,Indicator,EMA_Trend,Bullish,Bullish,Bearish,Neutral,Positive,-0.011205769980296543,-0.0029986796908400004,0.01341540455733048,-1,-1,1,FCL,,0,0,1
2023-10-03,Indicator,MACD_Trend,Bearish,Bullish,Bearish,Neutral,Positive,-0.011205769980296543,-0.0029986796908400004,0.01341540455733048,-1,-1,1,FCL,,1,1,0
2023-10-03,Indicator,CMF_State,Positive,Bullish,Bearish,Neutral,Positive,-0.011205769980296543,-0.0029986796908400004,0.01341540455733048,-1,-1,1,FCL,,0,0,0
2023-10-04,Candlestick,CDL_THREE_OUTSIDE_UP,Bearish,Bullish,Bearish,Neutral,Negative,0.00830009929294695,0.02490020045640473,-0.016759776536312887,1,1,-1,FCL,,0,0,1
2023-10-04,Indicator,EMA_Trend,Bullish,Bullish,Bearish,Neutral,Negative,0.00830009929294695,0.02490020045640473,-0.016759776536312887,1,1,-1,FCL,,1,1,0
2023-10-04,Indicator,MACD_Trend,Bearish,Bullish,Bearish,Neutral,Negative,0.00830009929294695,0.02490020045640473,-0.016759776536312887,1,1,-1,FCL,,0,0,1
2023-10-04,Indicator,CMF_State,Negative,Bullish,Bearish,Neutral,Negative,0.00830009929294695,0.02490020045640473,-0.016759776536312887,1,1,-1,FCL,,0,0,0
2023-10-05,Indicator,EMA_Trend,Bullish,Bullish,Bearish,Neutral,Negative,0.01646345286993256,-0.024853588576290497,-0.013772379355566522,1,-1,-1,FCL,,1,0,0
2023-10-05,Indicator,MACD_Trend,Bearish,Bullish,Bearish,Neutral,Negative,0.01646345286993256,-0.024853588576290497,-0.013772379355566522,1,-1,-1,FCL,,0,1,1
2023-10-05,Indicator,CMF_State,Negative,Bullish,Bearish,Neutral,Negative,0.01646345286993256,-0.024853588576290497,-0.013772379355566522,1,-1,-1,FCL,,0,0,0
2023-10-06,Indicator,EMA_Trend,Bullish,Bullish,Bearish,Neutral,Negative,-0.040647837686211385,-0.029746108569009277,-0.022893555101697105,-1,-1,-1,FCL,,0,0,0
2023-10-06,Indicator,MACD_Trend,Bearish,Bullish,Bearish,Neutral,Negative,-0.040647837686211385,-0.029746108569009277,-0.022893555101697105,-1,-1,-1,FCL,,1,1,1
2023-10-06,Indicator,CMF_State,Negative,Bullish,Bearish,Neutral,Negative,-0.040647837686211385,-0.029746108569009277,-0.022893555101697105,-1,-1,-1,FCL,,0,0,0
2023-10-09,Indicator,EMA_Trend,Bullish,Bullish,Bearish,Neutral,Negative,0.011363636363636465,0.018506533139711845,0.016071468204647,1,1,1,FCL,,1,1,1
2023-10-09,Indicator,MACD_Trend,Bearish,Bullish,Bearish,Neutral,Negative,0.011363636363636465,0.018506533139711845,0.016071468204647,1,1,1,FCL,,0,0,0
2023-10-09,Indicator,CMF_State,Negative,Bullish,Bearish,Neutral,Negative,0.011363636363636465,0.018506533139711845,0.016071468204647,1,1,1,FCL,,0,0,0
2023-10-10,Candlestick,CDL_HARAMI,Bullish,Bullish,Bearish,Neutral,Negative,0.007062639508928603,0.0046549348540330104,-0.0019261833178672028,1,1,-1,FCL,,1,1,0
2023-10-10,Indicator,EMA_Trend,Bullish,Bullish,Bearish,Neutral,Negative,0.007062639508928603,0.0046549348540330104,-0.0019261833178672028,1,1,-1,FCL,,1,1,0
2023-10-10,Indicator,MACD_Trend,Bearish,Bullish,Bearish,Neutral,Negative,0.007062639508928603,0.0046549348540330104,-0.0019261833178672028,1,1,-1,FCL,,0,0,1
2023-10-10,Indicator,CMF_State,Negative,Bullish,Bearish,Neutral,Negative,0.007062639508928603,0.0046549348540330104,-0.0019261833178672028,1,1,-1,FCL,,0,0,0
2023-10-11,Candlestick,CDL_THREE_INSIDE_UP,Bullish,Bullish,Bearish,Neutral,Negative,-0.002390819161030233,-0.008925783237454743,-0.013229277183845367,-1,-1,-1,FCL,,0,0,0
2023-10-11,Candlestick,CDL_SHOOTING_STAR,Bearish,Bullish,Bearish,Neutral,Negative,-0.002390819161030233,-0.008925783237454743,-0.013229277183845367,-1,-1,-1,FCL,,1,1,1
2023-10-11,Indicator,EMA_Trend,Bullish,Bullish,Bearish,Neutral,Negative,-0.002390819161030233,-0.008925783237454743,-0.013229277183845367,-1,-1,-1,FCL,,0,0,0
2023-10-11,Indicator,MACD_Trend,Bearish,Bullish,Bearish,Neutral,Negative,-0.002390819161030233,-0.008925783237454743,-0.013229277183845367,-1,-1,-1,FCL,,1,1,1
2023-10-11,Indicator,CMF_State,Negative,Bullish,Bearish,Neutral,Negative,-0.002390819161030233,-0.008925783237454743,-0.013229277183845367,-1,-1,-1,FCL,,0,0,0
2023-10-12,Indicator,EMA_Trend,Bullish,Bullish,Bearish,Neutral,Negative,-0.006550625437236612,-0.01086443291720729,-0.00878734587867902,-1,-1,-1,FCL,,0,0,0
2023-10-12,Indicator,MACD_Trend,Bearish,Bullish,Bearish,Neutral,Negative,-0.006550625437236612,-0.01086443291720729,-0.00878734587867902,-1,-1,-1,FCL,,1,1,1
2023-10-12,Indicator,CMF_State,Negative,Bullish,Bearish,Neutral,Negative,-0.006550625437236612,-0.01086443291720729,-0.00878734587867902,-1,-1,-1,FCL,,0,0,0
2023-10-13,Indicator,EMA_Trend,Bullish,Bullish,Bearish,Neutral,Negative,-0.004342251946023223,-0.0022514689713573066,-0.004503036101539792,-1,-1,-1,FCL,,0,0,0
2023-10-13,Indicator,MACD_Trend,Bearish,Bullish,Bearish,Neutral,Negative,-0.004342251946023223,-0.0022514689713573066,-0.004503036101539792,-1,-1,-1,FCL,,1,1,1
2023-10-13,Indicator,CMF_State,Negative,Bullish,Bearish,Neutral,Negative,-0.004342251946023223,-0.0022514689713573066,-0.004503036101539792,-1,-1,-1,FCL,,0,0,0
2023-10-16,Candlestick,CDL_INVERTED_HAMMER,Bullish,Bullish,Bearish,Neutral,Negative,0.0020999012750639867,-0.0001614853656598525,0.06089486947782663,1,-1,1,FCL,,1,0,1
2023-10-16,Indicator,EMA_Trend,Bullish,Bullish,Bearish,Neutral,Negative,0.0020999012750639867,-0.0001614853656598525,0.06089486947782663,1,-1,1,FCL,,1,0,1
2023-10-16,Indicator,MACD_Trend,Bearish,Bullish,Bearish,Neutral,Negative,0.0020999012750639867,-0.0001614853656598525,0.06089486947782663,1,-1,1,FCL,,0,1,0
2023-10-16,Indicator,CMF_State,Negative,Bullish,Bearish,Neutral,Negative,0.0020999012750639867,-0.0001614853656598525,0.06089486947782663,1,-1,1,FCL,,0,0,0
2023-10-17,Indicator,EMA_Trend,Bullish,Bullish,Bearish,Neutral,Negative,-0.002256647902915132,0.05867176329221491,0.05593157609019661,-1,1,1,FCL,,0,1,1
2023-10-17,Indicator,MACD_Trend,Bearish,Bullish,Bearish,Neutral,Negative,-0.002256647902915132,0.05867176329221491,0.05593157609019661,-1,1,1,FCL,,1,0,0
2023-10-17,Indicator,CMF_State,Negative,Bullish,Bearish,Neutral,Negative,-0.002256647902915132,0.05867176329221491,0.05593157609019661,-1,1,1,FCL,,0,0,0
2023-10-18,Indicator,EMA_Trend,Bullish,Bullish,Bearish,Neutral,Negative,0.06106621614372987,0.058319831318154325,-0.023101757339206386,1,1,-1,FCL,,1,1,0
2023-10-18,Indicator,MACD_Trend,Bearish,Bullish,Bearish,Neutral,Negative,0.06106621614372987,0.058319831318154325,-0.023101757339206386,1,1,-1,FCL,,0,0,1
2023-10-18,Indicator,CMF_State,Negative,Bullish,Bearish,Neutral,Negative,0.06106621614372987,0.058319831318154325,-0.023101757339206386,1,1,-1,FCL,,0,0,0
2023-10-19,Indicator,EMA_Trend,Bullish,Bullish,Bullish,Neutral,Positive,-0.0025883255764723723,-0.07932395943094939,-0.11144947254491233,-1,-1,-1,FCL,,0,0,0
2023-10-19,Indicator,MACD_Trend,Bullish,Bullish,Bullish,Neutral,Positive,-0.0025883255764723723,-0.07932395943094939,-0.11144947254491233,-1,-1,-1,FCL,,0,0,0
2023-10-19,Indicator,CMF_State,Positive,Bullish,Bullish,Neutral,Positive,-0.0025883255764723723,-0.07932395943094939,-0.11144947254491233,-1,-1,-1,FCL,,0,0,0
2023-10-20,Indicator,EMA_Trend,Bullish,Bullish,Bullish,Neutral,Negative,-0.0769347660772347,-0.10914364625956308,-0.09983203452329692,-1,-1,-1,FCL,,0,0,0
2023-10-20,Indicator,MACD_Trend,Bullish,Bullish,Bullish,Neutral,Negative,-0.0769347660772347,-0.10914364625956308,-0.09983203452329692,-1,-1,-1,FCL,,0,0,0
2023-10-20,Indicator,CMF_State,Negative,Bullish,Bullish,Neutral,Negative,-0.0769347660772347,-0.10914364625956308,-0.09983203452329692,-1,-1,-1,FCL,,0,0,0
2023-10-23,Indicator,EMA_Trend,Bullish,Bullish,Bearish,Neutral,Negative,-0.034893395394656856,-0.024805688270541082,-0.013395132226854511,-1,-1,-1,FCL,,0,0,0
2023-10-23,Indicator,MACD_Trend,Bearish,Bullish,Bearish,Neutral,Negative,-0.034893395394656856,-0.024805688270541082,-0.013395132226854511,-1,-1,-1,FCL,,1,1,1
2023-10-23,Indicator,CMF_State,Negative,Bullish,Bearish,Neutral,Negative,-0.034893395394656856,-0.024805688270541082,-0.013395132226854511,-1,-1,-1,FCL,,0,0,0
2023-10-25,Indicator,EMA_Trend,Bullish,Bullish,Bearish,Neutral,Negative,0.010452427820904608,0.022275532117608243,0.005140507411755868,1,1,1,FCL,,1,1,1
2023-10-25,Indicator,MACD_Trend,Bearish,Bullish,Bearish,Neutral,Negative,0.010452427820904608,0.022275532117608243,0.005140507411755868,1,1,1,FCL,,0,0,0
2023-10-25,Indicator,CMF_State,Negative,Bullish,Bearish,Neutral,Negative,0.010452427820904608,0.022275532117608243,0.005140507411755868,1,1,1,FCL,,0,0,0
2023-10-26,Indicator,EMA_Trend,Bullish,Bullish,Bearish,Neutral,Negative,0.011700802503093355,-0.005256972285775374,0.00983548867713524,1,-1,1,FCL,,1,0,1
2023-10-26,Indicator,MACD_Trend,Bearish,Bullish,Bearish,Neutral,Negative,0.011700802503093355,-0.005256972285775374,0.00983548867713524,1,-1,1,FCL,,0,1,0
2023-10-26,Indicator,CMF_State,Negative,Bullish,Bearish,Neutral,Negative,0.011700802503093355,-0.005256972285775374,0.00983548867713524,1,-1,1,FCL,,0,0,0
2023-10-27,Indicator,EMA_Trend,Bullish,Bullish,Bearish,Neutral,Negative,-0.016761650032215858,-0.0018437405815465713,-0.015755889647287136,-1,-1,-1,FCL,,0,0,0
2023-10-27,Indicator,MACD_Trend,Bearish,Bullish,Bearish,Neutral,Negative,-0.016761650032215858,-0.0018437405815465713,-0.015755889647287136,-1,-1,-1,FCL,,1,1,1
2023-10-27,Indicator,CMF_State,Negative,Bullish,Bearish,Neutral,Negative,-0.016761650032215858,-0.0018437405815465713,-0.015755889647287136,-1,-1,-1,FCL,,0,0,0
2023-10-30,Candlestick,CDL_BULLISH_ENGULFING,Bearish,Bearish,Bearish,Neutral,Negative,0.015172220907736289,0.0010229059769297777,0.01210371107499908,1,1,1,FCL,,0,0,0
2023-10-30,Indicator,EMA_Trend,Bearish,Bearish,Bearish,Neutral,Negative,0.015172220907736289,0.0010229059769297777,0.01210371107499908,1,1,1,FCL,,0,0,0
2023-10-30,Indicator,MACD_Trend,Bearish,Bearish,Bearish,Neutral,Negative,0.015172220907736289,0.0010229059769297777,0.01210371107499908,1,1,1,FCL,,0,0,0
2023-10-30,Indicator,CMF_State,Negative,Bearish,Bearish,Neutral,Negative,0.015172220907736289,0.0010229059769297777,0.01210371107499908,1,1,1,FCL,,0,0,0
2023-10-31,Indicator,EMA_Trend,Bearish,Bearish,Bearish,Neutral,Negative,-0.013937846839578105,-0.0030226495263958597,-0.004869898260390415,-1,-1,-1,FCL,,1,1,1
2023-10-31,Indicator,MACD_Trend,Bearish,Bearish,Bearish,Neutral,Negative,-0.013937846839578105,-0.0030226495263958597,-0.004869898260390415,-1,-1,-1,FCL,,1,1,1
2023-10-31,Indicator,CMF_State,Negative,Bearish,Bearish,Neutral,Negative,-0.013937846839578105,-0.0030226495263958597,-0.004869898260390415,-1,-1,-1,FCL,,0,0,0
2023-11-01,Candlestick,CDL_BULLISH_ENGULFING,Bearish,Bearish,Bearish,Neutral,Negative,0.011069482058710056,0.0091961227293067,0.021287465497519253,1,1,1,FCL,,0,0,0
2023-11-01,Indicator,EMA_Trend,Bearish,Bearish,Bearish,Neutral,Negative,0.011069482058710056,0.0091961227293067,0.021287465497519253,1,1,1,FCL,,0,0,0
2023-11-01,Indicator,MACD_Trend,Bearish,Bearish,Bearish,Neutral,Negative,0.011069482058710056,0.0091961227293067,0.021287465497519253,1,1,1,FCL,,0,0,0
2023-11-01,Indicator,CMF_State,Negative,Bearish,Bearish,Neutral,Negative,0.011069482058710056,0.0091961227293067,0.021287465497519253,1,1,1,FCL,,0,0,0
2023-11-02,Indicator,EMA_Trend,Bearish,Bearish,Bearish,Neutral,Negative,-0.0018528492478961933,0.010106113991299237,0.03031834197389771,-1,1,1,FCL,,1,0,0
2023-11-02,Indicator,MACD_Trend,Bearish,Bearish,Bearish,Neutral,Negative,-0.0018528492478961933,0.010106113991299237,0.03031834197389771,-1,1,1,FCL,,1,0,0
2023-11-02,Indicator,CMF_State,Negative,Bearish,Bearish,Neutral,Negative,-0.0018528492478961933,0.010106113991299237,0.03031834197389771,-1,1,1,FCL,,0,0,0
2023-11-03,Candlestick,CDL_BULLISH_ENGULFING,Bearish,Bearish,Bearish,Neutral,Negative,0.01198116252717285,0.03223091023959035,0.033749579520695905,1,1,1,FCL,,0,0,0
2023-11-03,Indicator,EMA_Trend,Bearish,Bearish,Bearish,Neutral,Negative,0.01198116252717285,0.03223091023959035,0.033749579520695905,1,1,1,FCL,,0,0,0
2023-11-03,Indicator,MACD_Trend,Bearish,Bearish,Bearish,Neutral,Negative,0.01198116252717285,0.03223091023959035,0.033749579520695905,1,1,1,FCL,,0,0,0
2023-11-03,Indicator,CMF_State,Negative,Bearish,Bearish,Neutral,Negative,0.01198116252717285,0.03223091023959035,0.033749579520695905,1,1,1,FCL,,0,0,0
2023-11-06,Candlestick,CDL_BULLISH_ENGULFING,Bullish,Bearish,Bearish,Neutral,Negative,0.020010004595192976,0.021510693874144726,0.05719524277936405,1,1,1,FCL,,1,1,1
2023-11-06,Indicator,EMA_Trend,Bearish,Bearish,Bearish,Neutral,Negative,0.020010004595192976,0.021510693874144726,0.05719524277936405,1,1,1,FCL,,0,0,0
2023-11-06,Indicator,MACD_Trend,Bearish,Bearish,Bearish,Neutral,Negative,0.020010004595192976,0.021510693874144726,0.05719524277936405,1,1,1,FCL,,0,0,0
2023-11-06,Indicator,CMF_State,Negative,Bearish,Bearish,Neutral,Negative,0.020010004595192976,0.021510693874144726,0.05719524277936405,1,1,1,FCL,,0,0,0
2023-11-07,Candlestick,CDL_SHOOTING_STAR,Bearish,Bearish,Bearish,Neutral,Negative,0.0014712495683286697,0.0364557582932028,0.0449566772130332,1,1,1,FCL,,0,0,0
2023-11-07,Indicator,EMA_Trend,Bearish,Bearish,Bearish,Neutral,Negative,0.0014712495683286697,0.0364557582932028,0.0449566772130332,1,1,1,FCL,,0,0,0
2023-11-07,Indicator,MACD_Trend,Bearish,Bearish,Bearish,Neutral,Negative,0.0014712495683286697,0.0364557582932028,0.0449566772130332,1,1,1,FCL,,0,0,0
2023-11-07,Indicator,CMF_State,Negative,Bearish,Bearish,Neutral,Negative,0.0014712495683286697,0.0364557582932028,0.0449566772130332,1,1,1,FCL,,0,0,0
2023-11-08,Indicator,EMA_Trend,Bearish,Bearish,Bullish,Neutral,Negative,0.034933113396868665,0.043421543717254485,0.05288936615296569,1,1,1,FCL,,0,0,0
2023-11-08,Indicator,MACD_Trend,Bullish,Bearish,Bullish,Neutral,Negative,0.034933113396868665,0.043421543717254485,0.05288936615296569,1,1,1,FCL,,1,1,1
2023-11-08,Indicator,CMF_State,Negative,Bearish,Bullish,Neutral,Negative,0.034933113396868665,0.043421543717254485,0.05288936615296569,1,1,1,FCL,,0,0,0
2023-11-09,Indicator,EMA_Trend,Bearish,Bearish,Bullish,Neutral,Negative,0.008201911998471978,0.017350157728706517,0.038959009790270116,1,1,1,FCL,,0,0,0
2023-11-09,Indicator,MACD_Trend,Bullish,Bearish,Bullish,Neutral,Negative,0.008201911998471978,0.017350157728706517,0.038959009790270116,1,1,1,FCL,,1,1,1
2023-11-09,Indicator,CMF_State,Negative,Bearish,Bullish,Neutral,Negative,0.008201911998471978,0.017350157728706517,0.038959009790270116,1,1,1,FCL,,0,0,0
2023-11-10,Indicator,EMA_Trend,Bearish,Bearish,Bullish,Neutral,Negative,0.009073823032234474,0.03050688302190485,0.036921112539487266,1,1,1,FCL,,0,0,0
2023-11-10,Indicator,MACD_Trend,Bullish,Bearish,Bullish,Neutral,Negative,0.009073823032234474,0.03050688302190485,0.036921112539487266,1,1,1,FCL,,1,1,1
2023-11-10,Indicator,CMF_State,Negative,Bearish,Bullish,Neutral,Negative,0.009073823032234474,0.03050688302190485,0.036921112539487266,1,1,1,FCL,,0,0,0
2023-11-13,Candlestick,CDL_HARAMI,Bullish,Bullish,Bullish,Neutral,Negative,0.021240329003149316,0.027596880299176396,0.012248099866763562,1,1,1,FCL,,1,1,1
2023-11-13,Candlestick,CDL_HARAMI_CROSS,Bullish,Bullish,Bullish,Neutral,Negative,0.021240329003149316,0.027596880299176396,0.012248099866763562,1,1,1,FCL,,1,1,1
2023-11-13,Indicator,EMA_Trend,Bullish,Bullish,Bullish,Neutral,Negative,0.021240329003149316,0.027596880299176396,0.012248099866763562,1,1,1,FCL,,1,1,1
2023-11-13,Indicator,MACD_Trend,Bullish,Bullish,Bullish,Neutral,Negative,0.021240329003149316,0.027596880299176396,0.012248099866763562,1,1,1,FCL,,1,1,1
2023-11-13,Indicator,CMF_State,Negative,Bullish,Bullish,Neutral,Negative,0.021240329003149316,0.027596880299176396,0.012248099866763562,1,1,1,FCL,,0,0,0
2023-11-15,Indicator,EMA_Trend,Bullish,Bullish,Bullish,Neutral,Negative,0.006224344177860441,-0.008805203712590526,-0.026415703797791346,1,-1,-1,FCL,,1,0,0
2023-11-15,Indicator,MACD_Trend,Bullish,Bullish,Bullish,Neutral,Negative,0.006224344177860441,-0.008805203712590526,-0.026415703797791346,1,-1,-1,FCL,,1,0,0
2023-11-15,Indicator,CMF_State,Negative,Bullish,Bullish,Neutral,Negative,0.006224344177860441,-0.008805203712590526,-0.026415703797791346,1,-1,-1,FCL,,0,0,0
2023-11-16,Indicator,EMA_Trend,Bullish,Bullish,Bullish,Neutral,Negative,-0.014936577491305836,-0.03243814181649585,-0.03922752033622745,-1,-1,-1,FCL,,0,0,0
2023-11-16,Indicator,MACD_Trend,Bullish,Bullish,Bullish,Neutral,Negative,-0.014936577491305836,-0.03243814181649585,-0.03922752033622745,-1,-1,-1,FCL,,0,0,0
2023-11-16,Indicator,CMF_State,Negative,Bullish,Bullish,Neutral,Negative,-0.014936577491305836,-0.03243814181649585,-0.03922752033622745,-1,-1,-1,FCL,,0,0,0
2023-11-17,Candlestick,CDL_BULLISH_ENGULFING,Bearish,Bullish,Bullish,Neutral,Negative,-0.017766941625563692,-0.02465926791095241,-0.024352923601636878,-1,-1,-1,FCL,,1,1,1
2023-11-17,Indicator,EMA_Trend,Bullish,Bullish,Bullish,Neutral,Negative,-0.017766941625563692,-0.02465926791095241,-0.024352923601636878,-1,-1,-1,FCL,,0,0,0
2023-11-17,Indicator,MACD_Trend,Bullish,Bullish,Bullish,Neutral,Negative,-0.017766941625563692,-0.02465926791095241,-0.024352923601636878,-1,-1,-1,FCL,,0,0,0
2023-11-17,Indicator,CMF_State,Negative,Bullish,Bullish,Neutral,Negative,-0.017766941625563692,-0.02465926791095241,-0.024352923601636878,-1,-1,-1,FCL,,0,0,0
2023-11-20,Candlestick,CDL_THREE_OUTSIDE_UP,Bearish,Bullish,Bullish,Neutral,Negative,-0.007016996858968838,-0.00670511129708129,0.017464544550477967,-1,-1,1,FCL,,1,1,0
2023-11-20,Indicator,EMA_Trend,Bullish,Bullish,Bullish,Neutral,Negative,-0.007016996858968838,-0.00670511129708129,0.017464544550477967,-1,-1,1,FCL,,0,0,1
2023-11-20,Indicator,MACD_Trend,Bullish,Bullish,Bullish,Neutral,Negative,-0.007016996858968838,-0.00670511129708129,0.017464544550477967,-1,-1,1,FCL,,0,0,1
2023-11-20,Indicator,CMF_State,Negative,Bullish,Bullish,Neutral,Negative,-0.007016996858968838,-0.00670511129708129,0.017464544550477967,-1,-1,1,FCL,,0,0,0
2023-11-21,Indicator,EMA_Trend,Bullish,Bullish,Bullish,Neutral,Negative,0.0003140895271127597,0.024654542255009515,0.12955402258396664,1,1,1,FCL,,1,1,1
2023-11-21,Indicator,MACD_Trend,Bullish,Bullish,Bullish,Neutral,Negative,0.0003140895271127597,0.024654542255009515,0.12955402258396664,1,1,1,FCL,,1,1,1
2023-11-21,Indicator,CMF_State,Negative,Bullish,Bullish,Neutral,Negative,0.0003140895271127597,0.024654542255009515,0.12955402258396664,1,1,1,FCL,,0,0,0
2023-11-22,Indicator,EMA_Trend,Bullish,Bullish,Bullish,Neutral,Negative,0.024332810047095865,0.1291993528932005,0.11978020061690531,1,1,1,FCL,,1,1,1
2023-11-22,Indicator,MACD_Trend,Bullish,Bullish,Bullish,Neutral,Negative,0.024332810047095865,0.1291993528932005,0.11978020061690531,1,1,1,FCL,,1,1,1
2023-11-22,Indicator,CMF_State,Negative,Bullish,Bullish,Neutral,Negative,0.024332810047095865,0.1291993528932005,0.11978020061690531,1,1,1,FCL,,0,0,0
2023-11-23,Indicator,EMA_Trend,Bullish,Bullish,Bullish,Neutral,Negative,0.10237546021910915,0.09318005792025863,0.12444446315253832,1,1,1,FCL,,1,1,1
2023-11-23,Indicator,MACD_Trend,Bullish,Bullish,Bullish,Neutral,Negative,0.10237546021910915,0.09318005792025863,0.12444446315253832,1,1,1,FCL,,1,1,1
2023-11-23,Indicator,CMF_State,Negative,Bullish,Bullish,Neutral,Negative,0.10237546021910915,0.09318005792025863,0.12444446315253832,1,1,1,FCL,,0,0,0
2023-11-24,Indicator,EMA_Trend,Bullish,Bullish,Bullish,Overbought,Positive,-0.008341443211211219,0.020019497648326334,0.007924388021360418,-1,1,1,FCL,,0,1,1
2023-11-24,Indicator,MACD_Trend,Bullish,Bullish,Bullish,Overbought,Positive,-0.008341443211211219,0.020019497648326334,0.007924388021360418,-1,1,1,FCL,,0,1,1
2023-11-24,Indicator,RSI_State,Overbought,Bullish,Bullish,Overbought,Positive,-0.008341443211211219,0.020019497648326334,0.007924388021360418,-1,1,1,FCL,,0,0,0
2023-11-24,Indicator,CMF_State,Positive,Bullish,Bullish,Overbought,Positive,-0.008341443211211219,0.020019497648326334,0.007924388021360418,-1,1,1,FCL,,0,0,0
2023-11-28,Indicator,EMA_Trend,Bullish,Bullish,Bullish,Overbought,Positive,0.028599501981182662,0.016402653031345693,0.014580155042819065,1,1,1,FCL,,1,1,1
2023-11-28,Indicator,MACD_Trend,Bullish,Bullish,Bullish,Overbought,Positive,0.028599501981182662,0.016402653031345693,0.014580155042819065,1,1,1,FCL,,1,1,1
2023-11-28,Indicator,RSI_State,Overbought,Bullish,Bullish,Overbought,Positive,0.028599501981182662,0.016402653031345693,0.014580155042819065,1,1,1,FCL,,0,0,0
2023-11-28,Indicator,CMF_State,Positive,Bullish,Bullish,Overbought,Positive,0.028599501981182662,0.016402653031345693,0.014580155042819065,1,1,1,FCL,,0,0,0
2023-11-29,Indicator,EMA_Trend,Bullish,Bullish,Bullish,Overbought,Positive,-0.011857723950229881,-0.013629548635169297,0.0042251268016373356,-1,-1,1,FCL,,0,0,1
2023-11-29,Indicator,MACD_Trend,Bullish,Bullish,Bullish,Overbought,Positive,-0.011857723950229881,-0.013629548635169297,0.0042251268016373356,-1,-1,1,FCL,,0,0,1
2023-11-29,Indicator,RSI_State,Overbought,Bullish,Bullish,Overbought,Positive,-0.011857723950229881,-0.013629548635169297,0.0042251268016373356,-1,-1,1,FCL,,0,0,0
2023-11-29,Indicator,CMF_State,Positive,Bullish,Bullish,Overbought,Positive,-0.011857723950229881,-0.013629548635169297,0.0042251268016373356,-1,-1,1,FCL,,0,0,0
2023-11-30,Indicator,EMA_Trend,Bullish,Bullish,Bullish,Overbought,Positive,-0.0017930866109914234,0.01627584523168113,-0.0022068628771549914,-1,1,-1,FCL,,0,1,0
2023-11-30,Indicator,MACD_Trend,Bullish,Bullish,Bullish,Overbought,Positive,-0.0017930866109914234,0.01627584523168113,-0.0022068628771549914,-1,1,-1,FCL,,0,1,0
2023-11-30,Indicator,RSI_State,Overbought,Bullish,Bullish,Overbought,Positive,-0.0017930866109914234,0.01627584523168113,-0.0022068628771549914,-1,1,-1,FCL,,0,0,0
2023-11-30,Indicator,CMF_State,Positive,Bullish,Bullish,Overbought,Positive,-0.0017930866109914234,0.01627584523168113,-0.0022068628771549914,-1,1,-1,FCL,,0,0,0
2023-12-01,Indicator,EMA_Trend,Bullish,Bullish,Bullish,Overbought,Positive,0.018101389201289564,-0.00041451953559290544,0.020174071216902068,1,-1,1,FCL,,1,0,1
2023-12-01,Indicator,MACD_Trend,Bullish,Bullish,Bullish,Overbought,Positive,0.018101389201289564,-0.00041451953559290544,0.020174071216902068,1,-1,1,FCL,,1,0,1
2023-12-01,Indicator,RSI_State,Overbought,Bullish,Bullish,Overbought,Positive,0.018101389201289564,-0.00041451953559290544,0.020174071216902068,1,-1,1,FCL,,0,0,0
2023-12-01,Indicator,CMF_State,Positive,Bullish,Bullish,Overbought,Positive,0.018101389201289564,-0.00041451953559290544,0.020174071216902068,1,-1,1,FCL,,0,0,0
2023-12-04,Indicator,EMA_Trend,Bullish,Bullish,Bullish,Overbought,Positive,-0.018186704127187592,0.002035830652621362,-0.00692179108364821,-1,1,-1,FCL,,0,1,0
2023-12-04,Indicator,MACD_Trend,Bullish,Bullish,Bullish,Overbought,Positive,-0.018186704127187592,0.002035830652621362,-0.00692179108364821,-1,1,-1,FCL,,0,1,0
2023-12-04,Indicator,RSI_State,Overbought,Bullish,Bullish,Overbought,Positive,-0.018186704127187592,0.002035830652621362,-0.00692179108364821,-1,1,-1,FCL,,0,0,0
2023-12-04,Indicator,CMF_State,Positive,Bullish,Bullish,Overbought,Positive,-0.018186704127187592,0.002035830652621362,-0.00692179108364821,-1,1,-1,FCL,,0,0,0
2023-12-05,Candlestick,CDL_BULLISH_ENGULFING,Bearish,Bullish,Bullish,Neutral,Positive,0.020597128664703535,0.011473579641763765,0.007602985643323512,1,1,1,FCL,,0,0,0
2023-12-05,Indicator,EMA_Trend,Bullish,Bullish,Bullish,Neutral,Positive,0.020597128664703535,0.011473579641763765,0.007602985643323512,1,1,1,FCL,,1,1,1
2023-12-05,Indicator,MACD_Trend,Bullish,Bullish,Bullish,Neutral,Positive,0.020597128664703535,0.011473579641763765,0.007602985643323512,1,1,1,FCL,,1,1,1
2023-12-05,Indicator,CMF_State,Positive,Bullish,Bullish,Neutral,Positive,0.020597128664703535,0.011473579641763765,0.007602985643323512,1,1,1,FCL,,0,0,0
2023-12-06,Candlestick,CDL_HARAMI,Bullish,Bullish,Bullish,Neutral,Positive,-0.008939422585752865,-0.012731902389712668,0.0005418182590768428,-1,-1,1,FCL,,0,0,1
2023-12-06,Indicator,EMA_Trend,Bullish,Bullish,Bullish,Neutral,Positive,-0.008939422585752865,-0.012731902389712668,0.0005418182590768428,-1,-1,1,FCL,,0,0,1
2023-12-06,Indicator,MACD_Trend,Bullish,Bullish,Bullish,Neutral,Positive,-0.008939422585752865,-0.012731902389712668,0.0005418182590768428,-1,-1,1,FCL,,0,0,1
2023-12-06,Indicator,CMF_State,Positive,Bullish,Bullish,Neutral,Positive,-0.008939422585752865,-0.012731902389712668,0.0005418182590768428,-1,-1,1,FCL,,0,0,0
2023-12-07,Indicator,EMA_Trend,Bullish,Bullish,Bullish,Neutral,Positive,-0.003826688186765237,0.00956676217468666,-0.00956676217468666,-1,1,-1,FCL,,0,1,0
2023-12-07,Indicator,MACD_Trend,Bullish,Bullish,Bullish,Neutral,Positive,-0.003826688186765237,0.00956676217468666,-0.00956676217468666,-1,1,-1,FCL,,0,1,0
2023-12-07,Indicator,CMF_State,Positive,Bullish,Bullish,Neutral,Positive,-0.003826688186765237,0.00956676217468666,-0.00956676217468666,-1,1,-1,FCL,,0,0,0
2023-12-08,Indicator,EMA_Trend,Bullish,Bullish,Bullish,Neutral,Positive,0.013444899800691523,-0.005762123839147315,0.002469457720783552,1,-1,1,FCL,,1,0,1
2023-12-08,Indicator,MACD_Trend,Bullish,Bullish,Bullish,Neutral,Positive,0.013444899800691523,-0.005762123839147315,0.002469457720783552,1,-1,1,FCL,,1,0,1
2023-12-08,Indicator,CMF_State,Positive,Bullish,Bullish,Neutral,Positive,0.013444899800691523,-0.005762123839147315,0.002469457720783552,1,-1,1,FCL,,0,0,0
2023-12-11,Indicator,EMA_Trend,Bullish,Bullish,Bullish,Neutral,Positive,-0.018952213034587495,-0.010829836019764283,-0.012318988047536727,-1,-1,-1,FCL,,0,0,0
2023-12-11,Indicator,MACD_Trend,Bullish,Bullish,Bullish,Neutral,Positive,-0.018952213034587495,-0.010829836019764283,-0.012318988047536727,-1,-1,-1,FCL,,0,0,0
2023-12-11,Indicator,CMF_State,Positive,Bullish,Bullish,Neutral,Positive,-0.018952213034587495,-0.010829836019764283,-0.012318988047536727,-1,-1,-1,FCL,,0,0,0
2023-12-12,Candlestick,CDL_BULLISH_ENGULFING,Bearish,Bullish,Bullish,Neutral,Positive,0.00827928784177523,0.0067613678713538405,-0.013936851733084232,1,1,-1,FCL,,0,0,1
2023-12-12,Indicator,EMA_Trend,Bullish,Bullish,Bullish,Neutral,Positive,0.00827928784177523,0.0067613678713538405,-0.013936851733084232,1,1,-1,FCL,,1,1,0
2023-12-12,Indicator,MACD_Trend,Bullish,Bullish,Bullish,Neutral,Positive,0.00827928784177523,0.0067613678713538405,-0.013936851733084232,1,1,-1,FCL,,1,1,0
2023-12-12,Indicator,CMF_State,Positive,Bullish,Bullish,Neutral,Positive,0.00827928784177523,0.0067613678713538405,-0.013936851733084232,1,1,-1,FCL,,0,0,0
2023-12-13,Indicator,EMA_Trend,Bullish,Bullish,Bullish,Neutral,Positive,-0.0015054558679574725,-0.022033716097067835,-0.044477897163072266,-1,-1,-1,FCL,,0,0,0
2023-12-13,Indicator,MACD_Trend,Bullish,Bullish,Bullish,Neutral,Positive,-0.0015054558679574725,-0.022033716097067835,-0.044477897163072266,-1,-1,-1,FCL,,0,0,0
2023-12-13,Indicator,CMF_State,Positive,Bullish,Bullish,Neutral,Positive,-0.0015054558679574725,-0.022033716097067835,-0.044477897163072266,-1,-1,-1,FCL,,0,0,0
2023-12-14,Indicator,EMA_Trend,Bullish,Bullish,Bearish,Neutral,Positive,-0.02055921121427351,-0.043037231948492405,-0.0127466942217207,-1,-1,-1,FCL,,0,0,0
2023-12-14,Indicator,MACD_Trend,Bearish,Bullish,Bearish,Neutral,Positive,-0.02055921121427351,-0.043037231948492405,-0.0127466942217207,-1,-1,-1,FCL,,1,1,1
2023-12-14,Indicator,CMF_State,Positive,Bullish,Bearish,Neutral,Positive,-0.02055921121427351,-0.043037231948492405,-0.0127466942217207,-1,-1,-1,FCL,,0,0,0
2023-12-15,Indicator,EMA_Trend,Bullish,Bullish,Bearish,Neutral,Negative,-0.02294985158019225,0.007976507699090751,-0.048978451155559655,-1,1,-1,FCL,,0,1,0
2023-12-15,Indicator,MACD_Trend,Bearish,Bullish,Bearish,Neutral,Negative,-0.02294985158019225,0.007976507699090751,-0.048978451155559655,-1,1,-1,FCL,,1,0,1
2023-12-15,Indicator,CMF_State,Negative,Bullish,Bearish,Neutral,Negative,-0.02294985158019225,0.007976507699090751,-0.048978451155559655,-1,1,-1,FCL,,0,0,0
2023-12-18,Indicator,EMA_Trend,Bullish,Bullish,Bearish,Neutral,Negative,0.03165278602055421,-0.026639983236749654,0.004439953497191063,1,-1,1,FCL,,1,0,1
2023-12-18,Indicator,MACD_Trend,Bearish,Bullish,Bearish,Neutral,Negative,0.03165278602055421,-0.026639983236749654,0.004439953497191063,1,-1,1,FCL,,0,1,0
2023-12-18,Indicator,CMF_State,Negative,Bullish,Bearish,Neutral,Negative,0.03165278602055421,-0.026639983236749654,0.004439953497191063,1,-1,1,FCL,,0,0,0
2023-12-19,Indicator,EMA_Trend,Bullish,Bullish,Bearish,Neutral,Negative,-0.05650425225153466,-0.02637789854504491,-0.028599161370329473,-1,-1,-1,FCL,,0,0,0
2023-12-19,Indicator,MACD_Trend,Bearish,Bullish,Bearish,Neutral,Negative,-0.05650425225153466,-0.02637789854504491,-0.028599161370329473,-1,-1,-1,FCL,,1,1,1
2023-12-19,Indicator,CMF_State,Negative,Bullish,Bearish,Neutral,Negative,-0.05650425225153466,-0.02637789854504491,-0.028599161370329473,-1,-1,-1,FCL,,0,0,0
2023-12-20,Candlestick,CDL_BULLISH_ENGULFING,Bearish,Bullish,Bearish,Neutral,Negative,0.03193056648997361,0.02957627625540149,0.08711008583540658,1,1,1,FCL,,0,0,0
2023-12-20,Indicator,EMA_Trend,Bullish,Bullish,Bearish,Neutral,Negative,0.03193056648997361,0.02957627625540149,0.08711008583540658,1,1,1,FCL,,1,1,1
2023-12-20,Indicator,MACD_Trend,Bearish,Bullish,Bearish,Neutral,Negative,0.03193056648997361,0.02957627625540149,0.08711008583540658,1,1,1,FCL,,0,0,0
2023-12-20,Indicator,CMF_State,Negative,Bullish,Bearish,Neutral,Negative,0.03193056648997361,0.02957627625540149,0.08711008583540658,1,1,1,FCL,,0,0,0
2023-12-21,Indicator,EMA_Trend,Bullish,Bullish,Bearish,Neutral,Negative,-0.0022814424836548053,0.05347212413052316,0.058605500265924704,-1,1,1,FCL,,0,1,1
2023-12-21,Indicator,MACD_Trend,Bearish,Bullish,Bearish,Neutral,Negative,-0.0022814424836548053,0.05347212413052316,0.058605500265924704,-1,1,1,FCL,,1,0,0
2023-12-21,Indicator,CMF_State,Negative,Bullish,Bearish,Neutral,Negative,-0.0022814424836548053,0.05347212413052316,0.058605500265924704,-1,1,1,FCL,,0,0,0
2023-12-22,Indicator,EMA_Trend,Bullish,Bullish,Bearish,Neutral,Negative,0.05588105602943494,0.06102617044745329,0.05573817253051638,1,1,1,FCL,,1,1,1
2023-12-22,Indicator,MACD_Trend,Bearish,Bullish,Bearish,Neutral,Negative,0.05588105602943494,0.06102617044745329,0.05573817253051638,1,1,1,FCL,,0,0,0
2023-12-22,Indicator,CMF_State,Negative,Bullish,Bearish,Neutral,Negative,0.05588105602943494,0.06102617044745329,0.05573817253051638,1,1,1,FCL,,0,0,0
2023-12-26,Indicator,EMA_Trend,Bullish,Bullish,Bearish,Neutral,Negative,0.0048728162974776,-0.00013532158580042974,-0.021927466803871698,1,-1,-1,FCL,,1,0,0
2023-12-26,Indicator,MACD_Trend,Bearish,Bullish,Bearish,Neutral,Negative,0.0048728162974776,-0.00013532158580042974,-0.021927466803871698,1,-1,-1,FCL,,0,1,1
2023-12-26,Indicator,CMF_State,Negative,Bullish,Bearish,Neutral,Negative,0.0048728162974776,-0.00013532158580042974,-0.021927466803871698,1,-1,-1,FCL,,0,0,0
2023-12-27,Indicator,EMA_Trend,Bullish,Bullish,Bearish,Neutral,Negative,-0.004983852485661688,-0.02667032351427001,-0.00686966117103649,-1,-1,-1,FCL,,0,0,0
2023-12-27,Indicator,MACD_Trend,Bearish,Bullish,Bearish,Neutral,Negative,-0.004983852485661688,-0.02667032351427001,-0.00686966117103649,-1,-1,-1,FCL,,1,1,1
2023-12-27,Indicator,CMF_State,Negative,Bullish,Bearish,Neutral,Negative,-0.004983852485661688,-0.02667032351427001,-0.00686966117103649,-1,-1,-1,FCL,,0,0,0
2023-12-28,Indicator,EMA_Trend,Bullish,Bullish,Bearish,Neutral,Negative,-0.02179509456483042,-0.001895254353495468,-0.020712044862780665,-1,-1,-1,FCL,,0,0,0
2023-12-28,Indicator,MACD_Trend,Bearish,Bullish,Bearish,Neutral,Negative,-0.02179509456483042,-0.001895254353495468,-0.020712044862780665,-1,-1,-1,FCL,,1,1,1
2023-12-28,Indicator,CMF_State,Negative,Bullish,Bearish,Neutral,Negative,-0.02179509456483042,-0.001895254353495468,-0.020712044862780665,-1,-1,-1,FCL,,0,0,0
2023-12-29,Indicator,EMA_Trend,Bullish,Bullish,Bearish,Neutral,Negative,0.020343222673251837,0.0011071808125600047,0.0024910723622229014,1,1,1,FCL,,1,1,1
2023-12-29,Indicator,MACD_Trend,Bearish,Bullish,Bearish,Neutral,Negative,0.020343222673251837,0.0011071808125600047,0.0024910723622229014,1,1,1,FCL,,0,0,0
2023-12-29,Indicator,CMF_State,Negative,Bullish,Bearish,Neutral,Negative,0.020343222673251837,0.0011071808125600047,0.0024910723622229014,1,1,1,FCL,,0,0,0
2024-01-01,Indicator,EMA_Trend,Bullish,Bullish,Bearish,Neutral,Negative,-0.01885252083146538,-0.017496220795446993,-0.03567067439088811,-1,-1,-1,FCL,,0,0,0
2024-01-01,Indicator,MACD_Trend,Bearish,Bullish,Bearish,Neutral,Negative,-0.01885252083146538,-0.017496220795446993,-0.03567067439088811,-1,-1,-1,FCL,,1,1,1
2024-01-01,Indicator,CMF_State,Negative,Bullish,Bearish,Neutral,Negative,-0.01885252083146538,-0.017496220795446993,-0.03567067439088811,-1,-1,-1,FCL,,0,0,0
2024-01-02,Candlestick,CDL_BULLISH_ENGULFING,Bearish,Bullish,Bearish,Neutral,Negative,0.0013823610260588204,-0.01714131047217804,-0.014929566579532372,1,-1,-1,FCL,,0,1,1
2024-01-02,Indicator,EMA_Trend,Bullish,Bullish,Bearish,Neutral,Negative,0.0013823610260588204,-0.01714131047217804,-0.014929566579532372,1,-1,-1,FCL,,1,0,0
2024-01-02,Indicator,MACD_Trend,Bearish,Bullish,Bearish,Neutral,Negative,0.0013823610260588204,-0.01714131047217804,-0.014929566579532372,1,-1,-1,FCL,,0,1,1
2024-01-02,Indicator,CMF_State,Negative,Bullish,Bearish,Neutral,Negative,0.0013823610260588204,-0.01714131047217804,-0.014929566579532372,1,-1,-1,FCL,,0,0,0
2024-01-03,Indicator,EMA_Trend,Bullish,Bullish,Bearish,Neutral,Negative,-0.018498100445125343,-0.01628940976040094,-0.029403710809305705,-1,-1,-1,FCL,,0,0,0
2024-01-03,Indicator,MACD_Trend,Bearish,Bullish,Bearish,Neutral,Negative,-0.018498100445125343,-0.01628940976040094,-0.029403710809305705,-1,-1,-1,FCL,,1,1,1
2024-01-03,Indicator,CMF_State,Negative,Bullish,Bearish,Neutral,Negative,-0.018498100445125343,-0.01628940976040094,-0.029403710809305705,-1,-1,-1,FCL,,0,0,0
2024-01-04,Indicator,EMA_Trend,Bullish,Bullish,Bearish,Neutral,Negative,0.0022503172797996296,-0.011111145448751802,-0.022644128812851605,1,-1,-1,FCL,,1,0,0
2024-01-04,Indicator,MACD_Trend,Bearish,Bullish,Bearish,Neutral,Negative,0.0022503172797996296,-0.011111145448751802,-0.022644128812851605,1,-1,-1,FCL,,0,1,1
2024-01-04,Indicator,CMF_State,Negative,Bullish,Bearish,Neutral,Negative,0.0022503172797996296,-0.011111145448751802,-0.022644128812851605,1,-1,-1,FCL,,0,0,0
2024-01-05,Candlestick,CDL_HARAMI,Bullish,Bullish,Bearish,Neutral,Negative,-0.013331462707655284,-0.024838551471070613,-0.019786663021344797,-1,-1,-1,FCL,,0,0,0
2024-01-05,Candlestick,CDL_HARAMI_CROSS,Bullish,Bullish,Bearish,Neutral,Negative,-0.013331462707655284,-0.024838551471070613,-0.019786663021344797,-1,-1,-1,FCL,,0,0,0
2024-01-05,Indicator,EMA_Trend,Bullish,Bullish,Bearish,Neutral,Negative,-0.013331462707655284,-0.024838551471070613,-0.019786663021344797,-1,-1,-1,FCL,,0,0,0
2024-01-05,Indicator,MACD_Trend,Bearish,Bullish,Bearish,Neutral,Negative,-0.013331462707655284,-0.024838551471070613,-0.019786663021344797,-1,-1,-1,FCL,,1,1,1
2024-01-05,Indicator,CMF_State,Negative,Bullish,Bearish,Neutral,Negative,-0.013331462707655284,-0.024838551471070613,-0.019786663021344797,-1,-1,-1,FCL,,0,0,0
2024-01-08,Indicator,EMA_Trend,Bullish,Bullish,Bearish,Neutral,Negative,-0.011662567851807193,-0.006542420346557498,-0.0034134027339515205,-1,-1,-1,FCL,,0,0,0
2024-01-08,Indicator,MACD_Trend,Bearish,Bullish,Bearish,Neutral,Negative,-0.011662567851807193,-0.006542420346557498,-0.0034134027339515205,-1,-1,-1,FCL,,1,1,1
2024-01-08,Indicator,CMF_State,Negative,Bullish,Bearish,Neutral,Negative,-0.011662567851807193,-0.006542420346557498,-0.0034134027339515205,-1,-1,-1,FCL,,0,0,0
2024-01-09,Indicator,EMA_Trend,Bullish,Bullish,Bearish,Neutral,Negative,0.005180566210186921,0.00834650681996929,-0.003885468574141848,1,1,-1,FCL,,1,1,0
2024-01-09,Indicator,MACD_Trend,Bearish,Bullish,Bearish,Neutral,Negative,0.005180566210186921,0.00834650681996929,-0.003885468574141848,1,1,-1,FCL,,0,0,1
2024-01-09,Indicator,CMF_State,Negative,Bullish,Bearish,Neutral,Negative,0.005180566210186921,0.00834650681996929,-0.003885468574141848,1,1,-1,FCL,,0,0,0
2024-01-10,Indicator,EMA_Trend,Bullish,Bullish,Bearish,Neutral,Negative,0.003149623775277277,-0.00901930965349862,-0.007730886777469581,1,-1,-1,FCL,,1,0,0
2024-01-10,Indicator,MACD_Trend,Bearish,Bullish,Bearish,Neutral,Negative,0.003149623775277277,-0.00901930965349862,-0.007730886777469581,1,-1,-1,FCL,,0,1,1
2024-01-10,Indicator,CMF_State,Negative,Bullish,Bearish,Neutral,Negative,0.003149623775277277,-0.00901930965349862,-0.007730886777469581,1,-1,-1,FCL,,0,0,0
2024-01-11,Indicator,EMA_Trend,Bullish,Bullish,Bearish,Neutral,Negative,-0.01213072620510891,-0.010846348635210501,-0.04152995021283912,-1,-1,-1,FCL,,0,0,0
2024-01-11,Indicator,MACD_Trend,Bearish,Bullish,Bearish,Neutral,Negative,-0.01213072620510891,-0.010846348635210501,-0.04152995021283912,-1,-1,-1,FCL,,1,1,1
2024-01-11,Indicator,CMF_State,Negative,Bullish,Bearish,Neutral,Negative,-0.01213072620510891,-0.010846348635210501,-0.04152995021283912,-1,-1,-1,FCL,,0,0,0
2024-01-12,Candlestick,CDL_BULLISH_ENGULFING,Bearish,Bullish,Bearish,Neutral,Negative,0.001300149325390576,-0.029760237298193548,-0.042328788321669863,1,-1,-1,FCL,,0,1,1
2024-01-12,Candlestick,CDL_EVENING_STAR,Bearish,Bullish,Bearish,Neutral,Negative,0.001300149325390576,-0.029760237298193548,-0.042328788321669863,1,-1,-1,FCL,,0,1,1
2024-01-12,Indicator,EMA_Trend,Bullish,Bullish,Bearish,Neutral,Negative,0.001300149325390576,-0.029760237298193548,-0.042328788321669863,1,-1,-1,FCL,,1,0,0
2024-01-12,Indicator,MACD_Trend,Bearish,Bullish,Bearish,Neutral,Negative,0.001300149325390576,-0.029760237298193548,-0.042328788321669863,1,-1,-1,FCL,,0,1,1
2024-01-12,Indicator,CMF_State,Negative,Bullish,Bearish,Neutral,Negative,0.001300149325390576,-0.029760237298193548,-0.042328788321669863,1,-1,-1,FCL,,0,0,0
2024-01-15,Candlestick,CDL_HARAMI,Bullish,Bullish,Bearish,Neutral,Negative,-0.031020055918807632,-0.04357228716729411,-0.05699033529269315,-1,-1,-1,FCL,,0,0,0
2024-01-15,Candlestick,CDL_HARAMI_CROSS,Bullish,Bullish,Bearish,Neutral,Negative,-0.031020055918807632,-0.04357228716729411,-0.05699033529269315,-1,-1,-1,FCL,,0,0,0
2024-01-15,Indicator,EMA_Trend,Bullish,Bullish,Bearish,Neutral,Negative,-0.031020055918807632,-0.04357228716729411,-0.05699033529269315,-1,-1,-1,FCL,,0,0,0
2024-01-15,Indicator,MACD_Trend,Bearish,Bullish,Bearish,Neutral,Negative,-0.031020055918807632,-0.04357228716729411,-0.05699033529269315,-1,-1,-1,FCL,,1,1,1
2024-01-15,Indicator,CMF_State,Negative,Bullish,Bearish,Neutral,Negative,-0.031020055918807632,-0.04357228716729411,-0.05699033529269315,-1,-1,-1,FCL,,0,0,0
2024-01-16,Candlestick,CDL_BULLISH_ENGULFING,Bearish,Bullish,Bearish,Neutral,Negative,-0.012954067135402592,-0.02680166863361766,-0.009827242146903559,-1,-1,-1,FCL,,1,1,1
2024-01-16,Indicator,EMA_Trend,Bullish,Bullish,Bearish,Neutral,Negative,-0.012954067135402592,-0.02680166863361766,-0.009827242146903559,-1,-1,-1,FCL,,0,0,0
2024-01-16,Indicator,MACD_Trend,Bearish,Bullish,Bearish,Neutral,Negative,-0.012954067135402592,-0.02680166863361766,-0.009827242146903559,-1,-1,-1,FCL,,1,1,1
2024-01-16,Indicator,CMF_State,Negative,Bullish,Bearish,Neutral,Negative,-0.012954067135402592,-0.02680166863361766,-0.009827242146903559,-1,-1,-1,FCL,,0,0,0
2024-01-17,Candlestick,CDL_THREE_OUTSIDE_UP,Bearish,Bullish,Bearish,Neutral,Negative,-0.014029338490891274,0.0031678616813954896,-0.024438092639007536,-1,1,-1,FCL,,1,0,1
2024-01-17,Indicator,EMA_Trend,Bullish,Bullish,Bearish,Neutral,Negative,-0.014029338490891274,0.0031678616813954896,-0.024438092639007536,-1,1,-1,FCL,,0,1,0
2024-01-17,Indicator,MACD_Trend,Bearish,Bullish,Bearish,Neutral,Negative,-0.014029338490891274,0.0031678616813954896,-0.024438092639007536,-1,1,-1,FCL,,1,0,1
2024-01-17,Indicator,CMF_State,Negative,Bullish,Bearish,Neutral,Negative,-0.014029338490891274,0.0031678616813954896,-0.024438092639007536,-1,1,-1,FCL,,0,0,0
2024-01-18,Indicator,EMA_Trend,Bullish,Bullish,Bearish,Neutral,Negative,0.01744189846984412,-0.010556859909183092,-0.0035189533030610676,1,-1,-1,FCL,,1,0,0
2024-01-18,Indicator,MACD_Trend,Bearish,Bullish,Bearish,Neutral,Negative,0.01744189846984412,-0.010556859909183092,-0.0035189533030610676,1,-1,-1,FCL,,0,1,1
2024-01-18,Indicator,CMF_State,Negative,Bullish,Bearish,Neutral,Negative,0.01744189846984412,-0.010556859909183092,-0.0035189533030610676,1,-1,-1,FCL,,0,0,0
2024-01-19,Indicator,EMA_Trend,Bullish,Bullish,Bearish,Neutral,Negative,-0.02751877863604324,-0.020601522115836435,-0.03233082706766921,-1,-1,-1,FCL,,0,0,0
2024-01-19,Indicator,MACD_Trend,Bearish,Bullish,Bearish,Neutral,Negative,-0.02751877863604324,-0.020601522115836435,-0.03233082706766921,-1,-1,-1,FCL,,1,1,1
2024-01-19,Indicator,CMF_State,Negative,Bullish,Bearish,Neutral,Negative,-0.02751877863604324,-0.020601522115836435,-0.03233082706766921,-1,-1,-1,FCL,,0,0,0
2024-01-23,Candlestick,CDL_BULLISH_ENGULFING,Bearish,Bullish,Bearish,Neutral,Negative,0.007112997524522768,-0.004948217328944238,0.01097877756597998,1,-1,1,FCL,,0,1,0
2024-01-23,Indicator,EMA_Trend,Bullish,Bullish,Bearish,Neutral,Negative,0.007112997524522768,-0.004948217328944238,0.01097877756597998,1,-1,1,FCL,,1,0,1
2024-01-23,Indicator,MACD_Trend,Bearish,Bullish,Bearish,Neutral,Negative,0.007112997524522768,-0.004948217328944238,0.01097877756597998,1,-1,1,FCL,,0,1,0
2024-01-23,Indicator,CMF_State,Negative,Bullish,Bearish,Neutral,Negative,0.007112997524522768,-0.004948217328944238,0.01097877756597998,1,-1,1,FCL,,0,0,0
2024-01-24,Indicator,EMA_Trend,Bearish,Bearish,Bearish,Neutral,Negative,-0.011976029386090103,0.003838476964312054,0.029172424928771257,-1,1,1,FCL,,1,0,0
2024-01-24,Indicator,MACD_Trend,Bearish,Bearish,Bearish,Neutral,Negative,-0.011976029386090103,0.003838476964312054,0.029172424928771257,-1,1,1,FCL,,1,0,0
2024-01-24,Indicator,CMF_State,Negative,Bearish,Bearish,Neutral,Negative,-0.011976029386090103,0.003838476964312054,0.029172424928771257,-1,1,1,FCL,,0,0,0
2024-01-25,Candlestick,CDL_BULLISH_ENGULFING,Bearish,Bearish,Bearish,Neutral,Negative,0.016006197036470438,0.04164722267749621,0.05889669683614995,1,1,1,FCL,,0,0,0
2024-01-25,Indicator,EMA_Trend,Bearish,Bearish,Bearish,Neutral,Negative,0.016006197036470438,0.04164722267749621,0.05889669683614995,1,1,1,FCL,,0,0,0
2024-01-25,Indicator,MACD_Trend,Bearish,Bearish,Bearish,Neutral,Negative,0.016006197036470438,0.04164722267749621,0.05889669683614995,1,1,1,FCL,,0,0,0
2024-01-25,Indicator,CMF_State,Negative,Bearish,Bearish,Neutral,Negative,0.016006197036470438,0.04164722267749621,0.05889669683614995,1,1,1,FCL,,0,0,0
2024-01-29,Indicator,EMA_Trend,Bearish,Bearish,Bearish,Neutral,Negative,0.02523707602947356,0.04221480137107858,0.007035846905751875,1,1,1,FCL,,0,0,0
2024-01-29,Indicator,MACD_Trend,Bearish,Bearish,Bearish,Neutral,Negative,0.02523707602947356,0.04221480137107858,0.007035846905751875,1,1,1,FCL,,0,0,0
2024-01-29,Indicator,CMF_State,Negative,Bearish,Bearish,Neutral,Negative,0.02523707602947356,0.04221480137107858,0.007035846905751875,1,1,1,FCL,,0,0,0
2024-01-30,Indicator,EMA_Trend,Bearish,Bearish,Bearish,Neutral,Negative,0.016559804301417014,-0.017753190505176764,-0.01670895481276735,1,-1,-1,FCL,,0,1,1
2024-01-30,Indicator,MACD_Trend,Bearish,Bearish,Bearish,Neutral,Negative,0.016559804301417014,-0.017753190505176764,-0.01670895481276735,1,-1,-1,FCL,,0,1,1
2024-01-30,Indicator,CMF_State,Negative,Bearish,Bearish,Neutral,Negative,0.016559804301417014,-0.017753190505176764,-0.01670895481276735,1,-1,-1,FCL,,0,0,0
2024-01-31,Indicator,EMA_Trend,Bearish,Bearish,Bearish,Neutral,Negative,-0.033754034599246974,-0.03272680955258389,-0.04784272887152685,-1,-1,-1,FCL,,1,1,1
2024-01-31,Indicator,MACD_Trend,Bearish,Bearish,Bearish,Neutral,Negative,-0.033754034599246974,-0.03272680955258389,-0.04784272887152685,-1,-1,-1,FCL,,1,1,1
2024-01-31,Indicator,CMF_State,Negative,Bearish,Bearish,Neutral,Negative,-0.033754034599246974,-0.03272680955258389,-0.04784272887152685,-1,-1,-1,FCL,,0,0,0
2024-02-01,Candlestick,CDL_BULLISH_ENGULFING,Bearish,Bearish,Bearish,Neutral,Negative,0.001063109273876428,-0.014580857024780958,-0.015947751535010046,1,-1,-1,FCL,,0,1,1
2024-02-01,Candlestick,CDL_EVENING_STAR,Bearish,Bearish,Bearish,Neutral,Negative,0.001063109273876428,-0.014580857024780958,-0.015947751535010046,1,-1,-1,FCL,,0,1,1
2024-02-01,Indicator,EMA_Trend,Bearish,Bearish,Bearish,Neutral,Negative,0.001063109273876428,-0.014580857024780958,-0.015947751535010046,1,-1,-1,FCL,,0,1,1
2024-02-01,Indicator,MACD_Trend,Bearish,Bearish,Bearish,Neutral,Negative,0.001063109273876428,-0.014580857024780958,-0.015947751535010046,1,-1,-1,FCL,,0,1,1
2024-02-01,Indicator,CMF_State,Negative,Bearish,Bearish,Neutral,Negative,0.001063109273876428,-0.014580857024780958,-0.015947751535010046,1,-1,-1,FCL,,0,0,0
2024-02-02,Candlestick,CDL_HARAMI,Bullish,Bearish,Bearish,Neutral,Negative,-0.015627352715059772,-0.016992795610283995,-0.017903183477557594,-1,-1,-1,FCL,,0,0,0
2024-02-02,Indicator,EMA_Trend,Bearish,Bearish,Bearish,Neutral,Negative,-0.015627352715059772,-0.016992795610283995,-0.017903183477557594,-1,-1,-1,FCL,,1,1,1
2024-02-02,Indicator,MACD_Trend,Bearish,Bearish,Bearish,Neutral,Negative,-0.015627352715059772,-0.016992795610283995,-0.017903183477557594,-1,-1,-1,FCL,,1,1,1
2024-02-02,Indicator,CMF_State,Negative,Bearish,Bearish,Neutral,Negative,-0.015627352715059772,-0.016992795610283995,-0.017903183477557594,-1,-1,-1,FCL,,0,0,0
2024-02-05,Indicator,EMA_Trend,Bearish,Bearish,Bearish,Neutral,Negative,-0.0013871199072732487,-0.002311960586039108,0.08677556851455126,-1,-1,1,FCL,,1,1,0
2024-02-05,Indicator,MACD_Trend,Bearish,Bearish,Bearish,Neutral,Negative,-0.0013871199072732487,-0.002311960586039108,0.08677556851455126,-1,-1,1,FCL,,1,1,0
2024-02-05,Indicator,CMF_State,Negative,Bearish,Bearish,Neutral,Negative,-0.0013871199072732487,-0.002311960586039108,0.08677556851455126,-1,-1,1,FCL,,0,0,0
2024-02-06,Indicator,EMA_Trend,Bearish,Bearish,Bearish,Neutral,Negative,-0.0009261253256417357,0.08828515051161578,0.15449910759991758,-1,1,1,FCL,,1,0,0
2024-02-06,Indicator,MACD_Trend,Bearish,Bearish,Bearish,Neutral,Negative,-0.0009261253256417357,0.08828515051161578,0.15449910759991758,-1,1,1,FCL,,1,0,0
2024-02-06,Indicator,CMF_State,Negative,Bearish,Bearish,Neutral,Negative,-0.0009261253256417357,0.08828515051161578,0.15449910759991758,-1,1,1,FCL,,0,0,0
2024-02-07,Indicator,EMA_Trend,Bearish,Bearish,Bearish,Neutral,Negative,0.08929397324730903,0.15556930960307525,0.20902207684923213,1,1,1,FCL,,0,0,0
2024-02-07,Indicator,MACD_Trend,Bearish,Bearish,Bearish,Neutral,Negative,0.08929397324730903,0.15556930960307525,0.20902207684923213,1,1,1,FCL,,0,0,0
2024-02-07,Indicator,CMF_State,Negative,Bearish,Bearish,Neutral,Negative,0.08929397324730903,0.15556930960307525,0.20902207684923213,1,1,1,FCL,,0,0,0
2024-02-08,Indicator,EMA_Trend,Bearish,Bearish,Bullish,Neutral,Negative,0.06084247042898072,0.1099134912543398,0.10792800915622602,1,1,1,FCL,,0,0,0
2024-02-08,Indicator,MACD_Trend,Bullish,Bearish,Bullish,Neutral,Negative,0.06084247042898072,0.1099134912543398,0.10792800915622602,1,1,1,FCL,,1,1,1
2024-02-08,Indicator,CMF_State,Negative,Bearish,Bullish,Neutral,Negative,0.06084247042898072,0.1099134912543398,0.10792800915622602,1,1,1,FCL,,0,0,0
2024-02-09,Indicator,EMA_Trend,Bearish,Bearish,Bullish,Neutral,Positive,0.046256651852857766,0.04438504305752833,0.06002677060703565,1,1,1,FCL,,0,0,0
2024-02-09,Indicator,MACD_Trend,Bullish,Bearish,Bullish,Neutral,Positive,0.046256651852857766,0.04438504305752833,0.06002677060703565,1,1,1,FCL,,1,1,1
2024-02-09,Indicator,CMF_State,Positive,Bearish,Bullish,Neutral,Positive,0.046256651852857766,0.04438504305752833,0.06002677060703565,1,1,1,FCL,,0,0,0
2024-02-12,Indicator,EMA_Trend,Bullish,Bullish,Bullish,Overbought,Positive,-0.0017888620273188716,0.013161320150071987,0.04114491849162505,-1,1,1,FCL,,0,1,1
2024-02-12,Indicator,MACD_Trend,Bullish,Bullish,Bullish,Overbought,Positive,-0.0017888620273188716,0.013161320150071987,0.04114491849162505,-1,1,1,FCL,,0,1,1
2024-02-12,Indicator,RSI_State,Overbought,Bullish,Bullish,Overbought,Positive,-0.0017888620273188716,0.013161320150071987,0.04114491849162505,-1,1,1,FCL,,0,0,0
2024-02-12,Indicator,CMF_State,Positive,Bullish,Bullish,Overbought,Positive,-0.0017888620273188716,0.013161320150071987,0.04114491849162505,-1,1,1,FCL,,0,0,0
2024-02-13,Indicator,EMA_Trend,Bullish,Bullish,Bullish,Overbought,Positive,0.014976973917315561,0.04301072076408641,0.12199178994343463,1,1,1,FCL,,1,1,1
2024-02-13,Indicator,MACD_Trend,Bullish,Bullish,Bullish,Overbought,Positive,0.014976973917315561,0.04301072076408641,0.12199178994343463,1,1,1,FCL,,1,1,1
2024-02-13,Indicator,RSI_State,Overbought,Bullish,Bullish,Overbought,Positive,0.014976973917315561,0.04301072076408641,0.12199178994343463,1,1,1,FCL,,0,0,0
2024-02-13,Indicator,CMF_State,Positive,Bullish,Bullish,Overbought,Positive,0.014976973917315561,0.04301072076408641,0.12199178994343463,1,1,1,FCL,,0,0,0
2024-02-14,Candlestick,CDL_BULLISH_ENGULFING,Bullish,Bullish,Bullish,Overbought,Positive,0.027620081604978752,0.10543570817483094,0.10013868197012754,1,1,1,FCL,,1,1,1
2024-02-14,Indicator,EMA_Trend,Bullish,Bullish,Bullish,Overbought,Positive,0.027620081604978752,0.10543570817483094,0.10013868197012754,1,1,1,FCL,,1,1,1
2024-02-14,Indicator,MACD_Trend,Bullish,Bullish,Bullish,Overbought,Positive,0.027620081604978752,0.10543570817483094,0.10013868197012754,1,1,1,FCL,,1,1,1
2024-02-14,Indicator,RSI_State,Overbought,Bullish,Bullish,Overbought,Positive,0.027620081604978752,0.10543570817483094,0.10013868197012754,1,1,1,FCL,,0,0,0
2024-02-14,Indicator,CMF_State,Positive,Bullish,Bullish,Overbought,Positive,0.027620081604978752,0.10543570817483094,0.10013868197012754,1,1,1,FCL,,0,0,0
2024-02-15,Candlestick,CDL_THREE_OUTSIDE_UP,Bullish,Bullish,Bullish,Overbought,Positive,0.07572412019071906,0.0705694659566074,0.08627882774444928,1,1,1,FCL,,1,1,1
2024-02-15,Indicator,EMA_Trend,Bullish,Bullish,Bullish,Overbought,Positive,0.07572412019071906,0.0705694659566074,0.08627882774444928,1,1,1,FCL,,1,1,1
2024-02-15,Indicator,MACD_Trend,Bullish,Bullish,Bullish,Overbought,Positive,0.07572412019071906,0.0705694659566074,0.08627882774444928,1,1,1,FCL,,1,1,1
2024-02-15,Indicator,RSI_State,Overbought,Bullish,Bullish,Overbought,Positive,0.07572412019071906,0.0705694659566074,0.08627882774444928,1,1,1,FCL,,0,0,0
2024-02-15,Indicator,CMF_State,Positive,Bullish,Bullish,Overbought,Positive,0.07572412019071906,0.0705694659566074,0.08627882774444928,1,1,1,FCL,,0,0,0
2024-02-16,Indicator,EMA_Trend,Bullish,Bullish,Bullish,Overbought,Positive,-0.0047917994375713535,0.009811723429478114,-0.012663976709569202,-1,1,-1,FCL,,0,1,0
2024-02-16,Indicator,MACD_Trend,Bullish,Bullish,Bullish,Overbought,Positive,-0.0047917994375713535,0.009811723429478114,-0.012663976709569202,-1,1,-1,FCL,,0,1,0
2024-02-16,Indicator,RSI_State,Overbought,Bullish,Bullish,Overbought,Positive,-0.0047917994375713535,0.009811723429478114,-0.012663976709569202,-1,1,-1,FCL,,0,0,0
2024-02-16,Indicator,CMF_State,Positive,Bullish,Bullish,Overbought,Positive,-0.0047917994375713535,0.009811723429478114,-0.012663976709569202,-1,1,-1,FCL,,0,0,0
2024-02-19,Indicator,EMA_Trend,Bullish,Bullish,Bullish,Overbought,Positive,0.014673836950696906,-0.007910080792691399,0.03129655872407078,1,-1,1,FCL,,1,0,1
2024-02-19,Indicator,MACD_Trend,Bullish,Bullish,Bullish,Overbought,Positive,0.014673836950696906,-0.007910080792691399,0.03129655872407078,1,-1,1,FCL,,1,0,1
2024-02-19,Indicator,RSI_State,Overbought,Bullish,Bullish,Overbought,Positive,0.014673836950696906,-0.007910080792691399,0.03129655872407078,1,-1,1,FCL,,0,0,0
2024-02-19,Indicator,CMF_State,Positive,Bullish,Bullish,Overbought,Positive,0.014673836950696906,-0.007910080792691399,0.03129655872407078,1,-1,1,FCL,,0,0,0
2024-02-20,Candlestick,CDL_HARAMI,Bullish,Bullish,Bullish,Overbought,Positive,-0.022257317495499418,0.01638233013214241,-0.001129815871182216,-1,1,-1,FCL,,0,1,0
2024-02-20,Indicator,EMA_Trend,Bullish,Bullish,Bullish,Overbought,Positive,-0.022257317495499418,0.01638233013214241,-0.001129815871182216,-1,1,-1,FCL,,0,1,0
2024-02-20,Indicator,MACD_Trend,Bullish,Bullish,Bullish,Overbought,Positive,-0.022257317495499418,0.01638233013214241,-0.001129815871182216,-1,1,-1,FCL,,0,1,0
2024-02-20,Indicator,RSI_State,Overbought,Bullish,Bullish,Overbought,Positive,-0.022257317495499418,0.01638233013214241,-0.001129815871182216,-1,1,-1,FCL,,0,0,0
2024-02-20,Indicator,CMF_State,Positive,Bullish,Bullish,Overbought,Positive,-0.022257317495499418,0.01638233013214241,-0.001129815871182216,-1,1,-1,FCL,,0,0,0
2024-02-21,Candlestick,CDL_BULLISH_ENGULFING,Bearish,Bullish,Bullish,Overbought,Positive,0.03951923989721484,0.02160844770548298,-0.0005777674900558916,1,1,-1,FCL,,0,0,1
2024-02-21,Indicator,EMA_Trend,Bullish,Bullish,Bullish,Overbought,Positive,0.03951923989721484,0.02160844770548298,-0.0005777674900558916,1,1,-1,FCL,,1,1,0
2024-02-21,Indicator,MACD_Trend,Bullish,Bullish,Bullish,Overbought,Positive,0.03951923989721484,0.02160844770548298,-0.0005777674900558916,1,1,-1,FCL,,1,1,0
2024-02-21,Indicator,RSI_State,Overbought,Bullish,Bullish,Overbought,Positive,0.03951923989721484,0.02160844770548298,-0.0005777674900558916,1,1,-1,FCL,,0,0,0
2024-02-21,Indicator,CMF_State,Positive,Bullish,Bullish,Overbought,Positive,0.03951923989721484,0.02160844770548298,-0.0005777674900558916,1,1,-1,FCL,,0,0,0
2024-02-22,Indicator,EMA_Trend,Bullish,Bullish,Bullish,Overbought,Positive,-0.017229880414241228,-0.038572645746542844,-0.058470405750820076,-1,-1,-1,FCL,,0,0,0
2024-02-22,Indicator,MACD_Trend,Bullish,Bullish,Bullish,Overbought,Positive,-0.017229880414241228,-0.038572645746542844,-0.058470405750820076,-1,-1,-1,FCL,,0,0,0
2024-02-22,Indicator,RSI_State,Overbought,Bullish,Bullish,Overbought,Positive,-0.017229880414241228,-0.038572645746542844,-0.058470405750820076,-1,-1,-1,FCL,,0,0,0
2024-02-22,Indicator,CMF_State,Positive,Bullish,Bullish,Overbought,Positive,-0.017229880414241228,-0.038572645746542844,-0.058470405750820076,-1,-1,-1,FCL,,0,0,0
2024-02-23,Indicator,EMA_Trend,Bullish,Bullish,Bullish,Overbought,Positive,-0.021716945709844837,-0.04196355232489357,-0.0844926515492409,-1,-1,-1,FCL,,0,0,0
2024-02-23,Indicator,MACD_Trend,Bullish,Bullish,Bullish,Overbought,Positive,-0.021716945709844837,-0.04196355232489357,-0.0844926515492409,-1,-1,-1,FCL,,0,0,0
2024-02-23,Indicator,RSI_State,Overbought,Bullish,Bullish,Overbought,Positive,-0.021716945709844837,-0.04196355232489357,-0.0844926515492409,-1,-1,-1,FCL,,0,0,0
2024-02-23,Indicator,CMF_State,Positive,Bullish,Bullish,Overbought,Positive,-0.021716945709844837,-0.04196355232489357,-0.0844926515492409,-1,-1,-1,FCL,,0,0,0
2024-02-26,Indicator,EMA_Trend,Bullish,Bullish,Bullish,Neutral,Positive,-0.02069606186702244,-0.06416926631213726,-0.010058980184357469,-1,-1,-1,FCL,,0,0,0
2024-02-26,Indicator,MACD_Trend,Bullish,Bullish,Bullish,Neutral,Positive,-0.02069606186702244,-0.06416926631213726,-0.010058980184357469,-1,-1,-1,FCL,,0,0,0
2024-02-26,Indicator,CMF_State,Positive,Bullish,Bullish,Neutral,Positive,-0.02069606186702244,-0.06416926631213726,-0.010058980184357469,-1,-1,-1,FCL,,0,0,0
2024-02-27,Indicator,EMA_Trend,Bullish,Bullish,Bullish,Neutral,Positive,-0.044391942840540044,0.010861879819399345,0.006965790335375033,-1,1,1,FCL,,0,1,1
2024-02-27,Indicator,MACD_Trend,Bullish,Bullish,Bullish,Neutral,Positive,-0.044391942840540044,0.010861879819399345,0.006965790335375033,-1,1,1,FCL,,0,1,1
2024-02-27,Indicator,CMF_State,Positive,Bullish,Bullish,Neutral,Positive,-0.044391942840540044,0.010861879819399345,0.006965790335375033,-1,1,1,FCL,,0,0,0
2024-02-28,Indicator,EMA_Trend,Bullish,Bullish,Bullish,Neutral,Positive,0.05782059103203996,0.053743512092787826,0.003459337420944175,1,1,1,FCL,,1,1,1
2024-02-28,Indicator,MACD_Trend,Bullish,Bullish,Bullish,Neutral,Positive,0.05782059103203996,0.053743512092787826,0.003459337420944175,1,1,1,FCL,,1,1,1
2024-02-28,Indicator,CMF_State,Positive,Bullish,Bullish,Neutral,Positive,0.05782059103203996,0.053743512092787826,0.003459337420944175,1,1,1,FCL,,0,0,0
2024-02-29,Indicator,EMA_Trend,Bullish,Bullish,Bullish,Neutral,Positive,-0.003854225351459961,-0.05138986144905666,-0.04940432981766929,-1,-1,-1,FCL,,0,0,0
2024-02-29,Indicator,MACD_Trend,Bullish,Bullish,Bullish,Neutral,Positive,-0.003854225351459961,-0.05138986144905666,-0.04940432981766929,-1,-1,-1,FCL,,0,0,0
2024-02-29,Indicator,CMF_State,Positive,Bullish,Bullish,Neutral,Positive,-0.003854225351459961,-0.05138986144905666,-0.04940432981766929,-1,-1,-1,FCL,,0,0,0
2024-03-01,Indicator,EMA_Trend,Bullish,Bullish,Bearish,Neutral,Positive,-0.04771955802790839,-0.04572634410087251,-0.0858248447786355,-1,-1,-1,FCL,,0,0,0
2024-03-01,Indicator,MACD_Trend,Bearish,Bullish,Bearish,Neutral,Positive,-0.04771955802790839,-0.04572634410087251,-0.0858248447786355,-1,-1,-1,FCL,,1,1,1
2024-03-01,Indicator,CMF_State,Positive,Bullish,Bearish,Neutral,Positive,-0.04771955802790839,-0.04572634410087251,-0.0858248447786355,-1,-1,-1,FCL,,0,0,0
2024-03-04,Indicator,EMA_Trend,Bullish,Bullish,Bearish,Neutral,Positive,0.002093095520168564,-0.04001477408463239,-0.028441315284301383,1,-1,-1,FCL,,1,0,0
2024-03-04,Indicator,MACD_Trend,Bearish,Bullish,Bearish,Neutral,Positive,0.002093095520168564,-0.04001477408463239,-0.028441315284301383,1,-1,-1,FCL,,0,1,1
2024-03-04,Indicator,CMF_State,Positive,Bullish,Bearish,Neutral,Positive,0.002093095520168564,-0.04001477408463239,-0.028441315284301383,1,-1,-1,FCL,,0,0,0
2024-03-05,Indicator,EMA_Trend,Bullish,Bullish,Bearish,Neutral,Positive,-0.04201991790288051,-0.030470632859335378,-0.07126182363952493,-1,-1,-1,FCL,,0,0,0
2024-03-05,Indicator,MACD_Trend,Bearish,Bullish,Bearish,Neutral,Positive,-0.04201991790288051,-0.030470632859335378,-0.07126182363952493,-1,-1,-1,FCL,,1,1,1
2024-03-05,Indicator,CMF_State,Positive,Bullish,Bearish,Neutral,Positive,-0.04201991790288051,-0.030470632859335378,-0.07126182363952493,-1,-1,-1,FCL,,0,0,0
2024-03-06,Candlestick,CDL_BULLISH_ENGULFING,Bearish,Bullish,Bearish,Neutral,Positive,0.012055871786251116,-0.030524544594529357,-0.06220341059469159,1,-1,-1,FCL,,0,1,1
2024-03-06,Indicator,EMA_Trend,Bullish,Bullish,Bearish,Neutral,Positive,0.012055871786251116,-0.030524544594529357,-0.06220341059469159,1,-1,-1,FCL,,1,0,0
2024-03-06,Indicator,MACD_Trend,Bearish,Bullish,Bearish,Neutral,Positive,0.012055871786251116,-0.030524544594529357,-0.06220341059469159,1,-1,-1,FCL,,0,1,1
2024-03-06,Indicator,CMF_State,Positive,Bullish,Bearish,Neutral,Positive,0.012055871786251116,-0.030524544594529357,-0.06220341059469159,1,-1,-1,FCL,,0,0,0
2024-03-07,Candlestick,CDL_HARAMI,Bullish,Bullish,Bearish,Neutral,Negative,-0.042073187427515424,-0.0733746865673306,-0.12964135212018868,-1,-1,-1,FCL,,0,0,0
2024-03-07,Indicator,EMA_Trend,Bullish,Bullish,Bearish,Neutral,Negative,-0.042073187427515424,-0.0733746865673306,-0.12964135212018868,-1,-1,-1,FCL,,0,0,0
2024-03-07,Indicator,MACD_Trend,Bearish,Bullish,Bearish,Neutral,Negative,-0.042073187427515424,-0.0733746865673306,-0.12964135212018868,-1,-1,-1,FCL,,1,1,1
2024-03-07,Indicator,CMF_State,Negative,Bullish,Bearish,Neutral,Negative,-0.042073187427515424,-0.0733746865673306,-0.12964135212018868,-1,-1,-1,FCL,,0,0,0
2024-03-11,Indicator,EMA_Trend,Bullish,Bullish,Bearish,Neutral,Negative,-0.032676295024831714,-0.0914142537231123,-0.047757686803988286,-1,-1,-1,FCL,,0,0,0
2024-03-11,Indicator,MACD_Trend,Bearish,Bullish,Bearish,Neutral,Negative,-0.032676295024831714,-0.0914142537231123,-0.047757686803988286,-1,-1,-1,FCL,,1,1,1
2024-03-11,Indicator,CMF_State,Negative,Bullish,Bearish,Neutral,Negative,-0.032676295024831714,-0.0914142537231123,-0.047757686803988286,-1,-1,-1,FCL,,0,0,0
2024-03-12,Indicator,EMA_Trend,Bullish,Bullish,Bearish,Neutral,Negative,-0.06072213303176355,-0.015590842756762258,-0.001914694188580146,-1,-1,-1,FCL,,0,0,0
2024-03-12,Indicator,MACD_Trend,Bearish,Bullish,Bearish,Neutral,Negative,-0.06072213303176355,-0.015590842756762258,-0.001914694188580146,-1,-1,-1,FCL,,1,1,1
2024-03-12,Indicator,CMF_State,Negative,Bullish,Bearish,Neutral,Negative,-0.06072213303176355,-0.015590842756762258,-0.001914694188580146,-1,-1,-1,FCL,,0,0,0
2024-03-13,Indicator,EMA_Trend,Bullish,Bullish,Bearish,Neutral,Negative,0.04804892339332367,0.06260920320948249,0.050960979356555525,1,1,1,FCL,,1,1,1
2024-03-13,Indicator,MACD_Trend,Bearish,Bullish,Bearish,Neutral,Negative,0.04804892339332367,0.06260920320948249,0.050960979356555525,1,1,1,FCL,,0,0,0
2024-03-13,Indicator,CMF_State,Negative,Bullish,Bearish,Neutral,Negative,0.04804892339332367,0.06260920320948249,0.050960979356555525,1,1,1,FCL,,0,0,0
2024-03-14,Candlestick,CDL_PIERCING,Bullish,Bullish,Bearish,Neutral,Negative,0.013892748221157492,0.0027785496442314095,-0.025423712285797206,1,1,-1,FCL,,1,1,0
2024-03-14,Indicator,EMA_Trend,Bullish,Bullish,Bearish,Neutral,Negative,0.013892748221157492,0.0027785496442314095,-0.025423712285797206,1,1,-1,FCL,,1,1,0
2024-03-14,Indicator,MACD_Trend,Bearish,Bullish,Bearish,Neutral,Negative,0.013892748221157492,0.0027785496442314095,-0.025423712285797206,1,1,-1,FCL,,0,0,1
2024-03-14,Indicator,CMF_State,Negative,Bullish,Bearish,Neutral,Negative,0.013892748221157492,0.0027785496442314095,-0.025423712285797206,1,1,-1,FCL,,0,0,0
2024-03-15,Indicator,EMA_Trend,Bullish,Bullish,Bearish,Neutral,Negative,-0.010961907555237516,-0.03877773125010919,-0.06933403183379039,-1,-1,-1,FCL,,0,0,0
2024-03-15,Indicator,MACD_Trend,Bearish,Bullish,Bearish,Neutral,Negative,-0.010961907555237516,-0.03877773125010919,-0.06933403183379039,-1,-1,-1,FCL,,1,1,1
2024-03-15,Indicator,CMF_State,Negative,Bullish,Bearish,Neutral,Negative,-0.010961907555237516,-0.03877773125010919,-0.06933403183379039,-1,-1,-1,FCL,,0,0,0
2024-03-18,Indicator,EMA_Trend,Bullish,Bullish,Bearish,Neutral,Negative,-0.02812411767287437,-0.05901908604375916,-0.040454437102881435,-1,-1,-1,FCL,,0,0,0
2024-03-18,Indicator,MACD_Trend,Bearish,Bullish,Bearish,Neutral,Negative,-0.02812411767287437,-0.05901908604375916,-0.040454437102881435,-1,-1,-1,FCL,,1,1,1
2024-03-18,Indicator,CMF_State,Negative,Bullish,Bearish,Neutral,Negative,-0.02812411767287437,-0.05901908604375916,-0.040454437102881435,-1,-1,-1,FCL,,0,0,0
2024-03-19,Indicator,EMA_Trend,Bullish,Bullish,Bearish,Neutral,Negative,-0.031789006119698815,-0.012687133876069123,0.09180331349117976,-1,-1,1,FCL,,0,0,1
2024-03-19,Indicator,MACD_Trend,Bearish,Bullish,Bearish,Neutral,Negative,-0.031789006119698815,-0.012687133876069123,0.09180331349117976,-1,-1,1,FCL,,1,1,0
2024-03-19,Indicator,CMF_State,Negative,Bullish,Bearish,Neutral,Negative,-0.031789006119698815,-0.012687133876069123,0.09180331349117976,-1,-1,1,FCL,,0,0,0
2024-03-20,Candlestick,CDL_THREE_BLACK_CROWS,Bearish,Bullish,Bearish,Neutral,Negative,0.019729038778081964,0.12765019235689268,0.09849817752729106,1,1,1,FCL,,0,0,0
2024-03-20,Indicator,EMA_Trend,Bullish,Bullish,Bearish,Neutral,Negative,0.019729038778081964,0.12765019235689268,0.09849817752729106,1,1,1,FCL,,1,1,1
2024-03-20,Indicator,MACD_Trend,Bearish,Bullish,Bearish,Neutral,Negative,0.019729038778081964,0.12765019235689268,0.09849817752729106,1,1,1,FCL,,0,0,0
2024-03-20,Indicator,CMF_State,Negative,Bullish,Bearish,Neutral,Negative,0.019729038778081964,0.12765019235689268,0.09849817752729106,1,1,1,FCL,,0,0,0
2024-03-21,Candlestick,CDL_HARAMI,Bullish,Bullish,Bearish,Neutral,Negative,0.10583316692454914,0.07724516587621766,0.08778523097216184,1,1,1,FCL,,1,1,1
2024-03-21,Indicator,EMA_Trend,Bullish,Bullish,Bearish,Neutral,Negative,0.10583316692454914,0.07724516587621766,0.08778523097216184,1,1,1,FCL,,1,1,1
2024-03-21,Indicator,MACD_Trend,Bearish,Bullish,Bearish,Neutral,Negative,0.10583316692454914,0.07724516587621766,0.08778523097216184,1,1,1,FCL,,0,0,0
2024-03-21,Indicator,CMF_State,Negative,Bullish,Bearish,Neutral,Negative,0.10583316692454914,0.07724516587621766,0.08778523097216184,1,1,1,FCL,,0,0,0
2024-03-22,Candlestick,CDL_THREE_INSIDE_UP,Bullish,Bullish,Bearish,Neutral,Negative,-0.02585200182396219,-0.016320667974338954,-0.039169603138413445,-1,-1,-1,FCL,,0,0,0
2024-03-22,Indicator,EMA_Trend,Bullish,Bullish,Bearish,Neutral,Negative,-0.02585200182396219,-0.016320667974338954,-0.039169603138413445,-1,-1,-1,FCL,,0,0,0
2024-03-22,Indicator,MACD_Trend,Bearish,Bullish,Bearish,Neutral,Negative,-0.02585200182396219,-0.016320667974338954,-0.039169603138413445,-1,-1,-1,FCL,,1,1,1
2024-03-22,Indicator,CMF_State,Negative,Bullish,Bearish,Neutral,Negative,-0.02585200182396219,-0.016320667974338954,-0.039169603138413445,-1,-1,-1,FCL,,0,0,0
2024-03-26,Indicator,EMA_Trend,Bullish,Bullish,Bearish,Neutral,Negative,0.009784276996379848,-0.01367102466913317,-0.0028146034776216355,1,-1,-1,FCL,,1,0,0
2024-03-26,Indicator,MACD_Trend,Bearish,Bullish,Bearish,Neutral,Negative,0.009784276996379848,-0.01367102466913317,-0.0028146034776216355,1,-1,-1,FCL,,0,1,1
2024-03-26,Indicator,CMF_State,Negative,Bullish,Bearish,Neutral,Negative,0.009784276996379848,-0.01367102466913317,-0.0028146034776216355,1,-1,-1,FCL,,0,0,0
2024-03-27,Indicator,EMA_Trend,Bullish,Bullish,Bearish,Neutral,Negative,-0.02322803216473235,-0.012476803967949479,0.00929121286589285,-1,-1,1,FCL,,0,0,1
2024-03-27,Indicator,MACD_Trend,Bearish,Bullish,Bearish,Neutral,Negative,-0.02322803216473235,-0.012476803967949479,0.00929121286589285,-1,-1,1,FCL,,1,1,0
2024-03-27,Indicator,CMF_State,Negative,Bullish,Bearish,Neutral,Negative,-0.02322803216473235,-0.012476803967949479,0.00929121286589285,-1,-1,1,FCL,,0,0,0
2024-03-28,Candlestick,CDL_BULLISH_ENGULFING,Bearish,Bullish,Bearish,Neutral,Negative,0.011006896748490647,0.0332925658203469,0.03818450149979413,1,1,1,FCL,,0,0,0
2024-03-28,Indicator,EMA_Trend,Bullish,Bullish,Bearish,Neutral,Negative,0.011006896748490647,0.0332925658203469,0.03818450149979413,1,1,1,FCL,,1,1,1
2024-03-28,Indicator,MACD_Trend,Bearish,Bullish,Bearish,Neutral,Negative,0.011006896748490647,0.0332925658203469,0.03818450149979413,1,1,1,FCL,,0,0,0
2024-03-28,Indicator,CMF_State,Negative,Bullish,Bearish,Neutral,Negative,0.011006896748490647,0.0332925658203469,0.03818450149979413,1,1,1,FCL,,0,0,0
2024-04-01,Indicator,EMA_Trend,Bullish,Bullish,Bearish,Neutral,Negative,0.02204304356728848,0.026881720430107503,0.05510752688172049,1,1,1,FCL,,1,1,1
2024-04-01,Indicator,MACD_Trend,Bearish,Bullish,Bearish,Neutral,Negative,0.02204304356728848,0.026881720430107503,0.05510752688172049,1,1,1,FCL,,0,0,0
2024-04-01,Indicator,CMF_State,Negative,Bullish,Bearish,Neutral,Negative,0.02204304356728848,0.026881720430107503,0.05510752688172049,1,1,1,FCL,,0,0,0
2024-04-02,Indicator,EMA_Trend,Bullish,Bullish,Bullish,Neutral,Negative,0.004734318083053024,0.032351360857587164,0.02880058216171344,1,1,1,FCL,,1,1,1
2024-04-02,Indicator,MACD_Trend,Bullish,Bullish,Bullish,Neutral,Negative,0.004734318083053024,0.032351360857587164,0.02880058216171344,1,1,1,FCL,,1,1,1
2024-04-02,Indicator,CMF_State,Negative,Bullish,Bullish,Neutral,Negative,0.004734318083053024,0.032351360857587164,0.02880058216171344,1,1,1,FCL,,0,0,0
2024-04-03,Indicator,EMA_Trend,Bullish,Bullish,Bullish,Neutral,Negative,0.027486910994764413,0.02395286360336213,0.01308900523560208,1,1,1,FCL,,1,1,1
2024-04-03,Indicator,MACD_Trend,Bullish,Bullish,Bullish,Neutral,Negative,0.027486910994764413,0.02395286360336213,0.01308900523560208,1,1,1,FCL,,1,1,1
2024-04-03,Indicator,CMF_State,Negative,Bullish,Bullish,Neutral,Negative,0.027486910994764413,0.02395286360336213,0.01308900523560208,1,1,1,FCL,,0,0,0
2024-04-04,Indicator,EMA_Trend,Bullish,Bullish,Bullish,Neutral,Negative,-0.0034395059962181174,-0.014012738853503182,-0.03770697526871003,-1,-1,-1,FCL,,0,0,0
2024-04-04,Indicator,MACD_Trend,Bullish,Bullish,Bullish,Neutral,Negative,-0.0034395059962181174,-0.014012738853503182,-0.03770697526871003,-1,-1,-1,FCL,,0,0,0
2024-04-04,Indicator,CMF_State,Negative,Bullish,Bullish,Neutral,Negative,-0.0034395059962181174,-0.014012738853503182,-0.03770697526871003,-1,-1,-1,FCL,,0,0,0
2024-04-05,Indicator,EMA_Trend,Bullish,Bullish,Bullish,Neutral,Negative,-0.01060972507028246,-0.03438573922875354,-0.017512479126686076,-1,-1,-1,FCL,,0,0,0
2024-04-05,Indicator,MACD_Trend,Bullish,Bullish,Bullish,Neutral,Negative,-0.01060972507028246,-0.03438573922875354,-0.017512479126686076,-1,-1,-1,FCL,,0,0,0
2024-04-05,Indicator,CMF_State,Negative,Bullish,Bullish,Neutral,Negative,-0.01060972507028246,-0.03438573922875354,-0.017512479126686076,-1,-1,-1,FCL,,0,0,0
2024-04-08,Candlestick,CDL_BULLISH_ENGULFING,Bearish,Bullish,Bullish,Neutral,Negative,-0.024030976209221455,-0.006976775728762763,0.010723498440528001,-1,-1,1,FCL,,1,1,0
2024-04-08,Indicator,EMA_Trend,Bullish,Bullish,Bullish,Neutral,Negative,-0.024030976209221455,-0.006976775728762763,0.010723498440528001,-1,-1,1,FCL,,0,0,1
2024-04-08,Indicator,MACD_Trend,Bullish,Bullish,Bullish,Neutral,Negative,-0.024030976209221455,-0.006976775728762763,0.010723498440528001,-1,-1,1,FCL,,0,0,1
2024-04-08,Indicator,CMF_State,Negative,Bullish,Bullish,Neutral,Negative,-0.024030976209221455,-0.006976775728762763,0.010723498440528001,-1,-1,1,FCL,,0,0,0
2024-04-09,Candlestick,CDL_THREE_OUTSIDE_UP,Bearish,Bullish,Bullish,Neutral,Negative,0.017474120658274694,0.035610223073227365,-0.0035742813340861046,1,1,-1,FCL,,0,0,1
2024-04-09,Indicator,EMA_Trend,Bullish,Bullish,Bullish,Neutral,Negative,0.017474120658274694,0.035610223073227365,-0.0035742813340861046,1,1,-1,FCL,,1,1,0
2024-04-09,Indicator,MACD_Trend,Bullish,Bullish,Bullish,Neutral,Negative,0.017474120658274694,0.035610223073227365,-0.0035742813340861046,1,1,-1,FCL,,1,1,0
2024-04-09,Indicator,CMF_State,Negative,Bullish,Bullish,Neutral,Negative,0.017474120658274694,0.035610223073227365,-0.0035742813340861046,1,1,-1,FCL,,0,0,0
2024-04-10,Indicator,EMA_Trend,Bullish,Bullish,Bullish,Neutral,Negative,0.017824632633623327,-0.020686916320528326,-0.022638516694775568,1,-1,-1,FCL,,1,0,0
2024-04-10,Indicator,MACD_Trend,Bullish,Bullish,Bullish,Neutral,Negative,0.017824632633623327,-0.020686916320528326,-0.022638516694775568,1,-1,-1,FCL,,1,0,0
2024-04-10,Indicator,CMF_State,Negative,Bullish,Bullish,Neutral,Negative,0.017824632633623327,-0.020686916320528326,-0.022638516694775568,1,-1,-1,FCL,,0,0,0
2024-04-12,Indicator,EMA_Trend,Bullish,Bullish,Bullish,Neutral,Negative,-0.03783711625695563,-0.0397545392703853,-0.048574716340218704,-1,-1,-1,FCL,,0,0,0
2024-04-12,Indicator,MACD_Trend,Bullish,Bullish,Bullish,Neutral,Negative,-0.03783711625695563,-0.0397545392703853,-0.048574716340218704,-1,-1,-1,FCL,,0,0,0
2024-04-12,Indicator,CMF_State,Negative,Bullish,Bullish,Neutral,Negative,-0.03783711625695563,-0.0397545392703853,-0.048574716340218704,-1,-1,-1,FCL,,0,0,0
2024-04-15,Indicator,EMA_Trend,Bullish,Bullish,Bullish,Neutral,Negative,-0.001992825794703723,-0.011159856885656683,-0.02550818638986585,-1,-1,-1,FCL,,0,0,0
2024-04-15,Indicator,MACD_Trend,Bullish,Bullish,Bullish,Neutral,Negative,-0.001992825794703723,-0.011159856885656683,-0.02550818638986585,-1,-1,-1,FCL,,0,0,0
2024-04-15,Indicator,CMF_State,Negative,Bullish,Bullish,Neutral,Negative,-0.001992825794703723,-0.011159856885656683,-0.02550818638986585,-1,-1,-1,FCL,,0,0,0
2024-04-16,Candlestick,CDL_INVERTED_HAMMER,Bullish,Bullish,Bullish,Neutral,Negative,-0.009185335865198097,-0.02356231618664184,-0.013312033862486139,-1,-1,-1,FCL,,0,0,0
2024-04-16,Indicator,EMA_Trend,Bullish,Bullish,Bullish,Neutral,Negative,-0.009185335865198097,-0.02356231618664184,-0.013312033862486139,-1,-1,-1,FCL,,0,0,0
2024-04-16,Indicator,MACD_Trend,Bullish,Bullish,Bullish,Neutral,Negative,-0.009185335865198097,-0.02356231618664184,-0.013312033862486139,-1,-1,-1,FCL,,0,0,0
2024-04-16,Indicator,CMF_State,Negative,Bullish,Bullish,Neutral,Negative,-0.009185335865198097,-0.02356231618664184,-0.013312033862486139,-1,-1,-1,FCL,,0,0,0
2024-04-18,Candlestick,CDL_BULLISH_ENGULFING,Bearish,Bullish,Bullish,Neutral,Negative,-0.014510261950955172,-0.004164954503263818,0.019481392231371686,-1,-1,1,FCL,,1,1,0
2024-04-18,Indicator,EMA_Trend,Bullish,Bullish,Bullish,Neutral,Negative,-0.014510261950955172,-0.004164954503263818,0.019481392231371686,-1,-1,1,FCL,,0,0,1
2024-04-18,Indicator,MACD_Trend,Bullish,Bullish,Bullish,Neutral,Negative,-0.014510261950955172,-0.004164954503263818,0.019481392231371686,-1,-1,1,FCL,,0,0,1
2024-04-18,Indicator,CMF_State,Negative,Bullish,Bullish,Neutral,Negative,-0.014510261950955172,-0.004164954503263818,0.019481392231371686,-1,-1,1,FCL,,0,0,0
2024-04-19,Candlestick,CDL_THREE_OUTSIDE_UP,Bearish,Bullish,Bearish,Neutral,Negative,0.010497630820765158,0.03449214423035962,0.03721879726376098,1,1,1,FCL,,0,0,0
2024-04-19,Indicator,EMA_Trend,Bullish,Bullish,Bearish,Neutral,Negative,0.010497630820765158,0.03449214423035962,0.03721879726376098,1,1,1,FCL,,1,1,1
2024-04-19,Indicator,MACD_Trend,Bearish,Bullish,Bearish,Neutral,Negative,0.010497630820765158,0.03449214423035962,0.03721879726376098,1,1,1,FCL,,0,0,0
2024-04-19,Indicator,CMF_State,Negative,Bullish,Bearish,Neutral,Negative,0.010497630820765158,0.03449214423035962,0.03721879726376098,1,1,1,FCL,,0,0,0
2024-04-22,Indicator,EMA_Trend,Bullish,Bullish,Bearish,Neutral,Negative,0.02374524459805527,0.026443571590852644,0.02630868817977472,1,1,1,FCL,,1,1,1
2024-04-22,Indicator,MACD_Trend,Bearish,Bullish,Bearish,Neutral,Negative,0.02374524459805527,0.026443571590852644,0.02630868817977472,1,1,1,FCL,,0,0,0
2024-04-22,Indicator,CMF_State,Negative,Bullish,Bearish,Neutral,Negative,0.02374524459805527,0.026443571590852644,0.02630868817977472,1,1,1,FCL,,0,0,0
2024-04-23,Candlestick,CDL_BULLISH_ENGULFING,Bullish,Bullish,Bearish,Neutral,Negative,0.002635740685522636,0.002503985825815347,0.0009225253272173717,1,1,1,FCL,,1,1,1
2024-04-23,Indicator,EMA_Trend,Bullish,Bullish,Bearish,Neutral,Negative,0.002635740685522636,0.002503985825815347,0.0009225253272173717,1,1,1,FCL,,1,1,1
2024-04-23,Indicator,MACD_Trend,Bearish,Bullish,Bearish,Neutral,Negative,0.002635740685522636,0.002503985825815347,0.0009225253272173717,1,1,1,FCL,,0,0,0
2024-04-23,Indicator,CMF_State,Negative,Bullish,Bearish,Neutral,Negative,0.002635740685522636,0.002503985825815347,0.0009225253272173717,1,1,1,FCL,,0,0,0
2024-04-24,Candlestick,CDL_THREE_OUTSIDE_UP,Bullish,Bullish,Bearish,Neutral,Negative,-0.0001314085009748167,-0.0017087116375223976,-0.012881161869360502,-1,-1,-1,FCL,,0,0,0
2024-04-24,Indicator,EMA_Trend,Bullish,Bullish,Bearish,Neutral,Negative,-0.0001314085009748167,-0.0017087116375223976,-0.012881161869360502,-1,-1,-1,FCL,,0,0,0
2024-04-24,Indicator,MACD_Trend,Bearish,Bullish,Bearish,Neutral,Negative,-0.0001314085009748167,-0.0017087116375223976,-0.012881161869360502,-1,-1,-1,FCL,,1,1,1
2024-04-24,Indicator,CMF_State,Negative,Bullish,Bearish,Neutral,Negative,-0.0001314085009748167,-0.0017087116375223976,-0.012881161869360502,-1,-1,-1,FCL,,0,0,0
2024-04-25,Indicator,EMA_Trend,Bullish,Bullish,Bullish,Neutral,Negative,-0.0015775104348291213,-0.012751429014557836,-0.005784178182535626,-1,-1,-1,FCL,,0,0,0
2024-04-25,Indicator,MACD_Trend,Bullish,Bullish,Bullish,Neutral,Negative,-0.0015775104348291213,-0.012751429014557836,-0.005784178182535626,-1,-1,-1,FCL,,0,0,0
2024-04-25,Indicator,CMF_State,Negative,Bullish,Bullish,Neutral,Negative,-0.0015775104348291213,-0.012751429014557836,-0.005784178182535626,-1,-1,-1,FCL,,0,0,0
2024-04-26,Indicator,EMA_Trend,Bullish,Bullish,Bullish,Neutral,Negative,-0.011191573403554922,-0.00421331429497207,-0.007241606319947302,-1,-1,-1,FCL,,0,0,0
2024-04-26,Indicator,MACD_Trend,Bullish,Bullish,Bullish,Neutral,Negative,-0.011191573403554922,-0.00421331429497207,-0.007241606319947302,-1,-1,-1,FCL,,0,0,0
2024-04-26,Indicator,CMF_State,Negative,Bullish,Bullish,Neutral,Negative,-0.011191573403554922,-0.00421331429497207,-0.007241606319947302,-1,-1,-1,FCL,,0,0,0
2024-04-29,Indicator,EMA_Trend,Bullish,Bullish,Bullish,Neutral,Negative,0.007057240736309867,0.003994673768308976,-0.007723019697694733,1,1,-1,FCL,,1,1,0
2024-04-29,Indicator,MACD_Trend,Bullish,Bullish,Bullish,Neutral,Negative,0.007057240736309867,0.003994673768308976,-0.007723019697694733,1,1,-1,FCL,,1,1,0
2024-04-29,Indicator,CMF_State,Negative,Bullish,Bullish,Neutral,Negative,0.007057240736309867,0.003994673768308976,-0.007723019697694733,1,1,-1,FCL,,0,0,0
2024-04-30,Candlestick,CDL_HARAMI,Bullish,Bullish,Bullish,Neutral,Negative,-0.003041105156805002,-0.014676683545016833,-0.03715453661177326,-1,-1,-1,FCL,,0,0,0
2024-04-30,Indicator,EMA_Trend,Bullish,Bullish,Bullish,Neutral,Negative,-0.003041105156805002,-0.014676683545016833,-0.03715453661177326,-1,-1,-1,FCL,,0,0,0
2024-04-30,Indicator,MACD_Trend,Bullish,Bullish,Bullish,Neutral,Negative,-0.003041105156805002,-0.014676683545016833,-0.03715453661177326,-1,-1,-1,FCL,,0,0,0
2024-04-30,Indicator,CMF_State,Negative,Bullish,Bullish,Neutral,Negative,-0.003041105156805002,-0.014676683545016833,-0.03715453661177326,-1,-1,-1,FCL,,0,0,0
2024-05-02,Indicator,EMA_Trend,Bullish,Bullish,Bullish,Neutral,Negative,-0.011671071343459904,-0.03421749044160316,-0.04058352199726445,-1,-1,-1,FCL,,0,0,0
2024-05-02,Indicator,MACD_Trend,Bullish,Bullish,Bullish,Neutral,Negative,-0.011671071343459904,-0.03421749044160316,-0.04058352199726445,-1,-1,-1,FCL,,0,0,0
2024-05-02,Indicator,CMF_State,Negative,Bullish,Bullish,Neutral,Negative,-0.011671071343459904,-0.03421749044160316,-0.04058352199726445,-1,-1,-1,FCL,,0,0,0
2024-05-03,Indicator,EMA_Trend,Bullish,Bullish,Bearish,Neutral,Negative,-0.02281266736651244,-0.02925387471264851,-0.047906617850555167,-1,-1,-1,FCL,,0,0,0
2024-05-03,Indicator,MACD_Trend,Bearish,Bullish,Bearish,Neutral,Negative,-0.02281266736651244,-0.02925387471264851,-0.047906617850555167,-1,-1,-1,FCL,,1,1,1
2024-05-03,Indicator,CMF_State,Negative,Bullish,Bearish,Neutral,Negative,-0.02281266736651244,-0.02925387471264851,-0.047906617850555167,-1,-1,-1,FCL,,0,0,0
2024-05-06,Indicator,EMA_Trend,Bullish,Bullish,Bearish,Neutral,Negative,-0.006591578841671275,-0.025679774640974262,-0.05273279836631639,-1,-1,-1,FCL,,0,0,0
2024-05-06,Indicator,MACD_Trend,Bearish,Bullish,Bearish,Neutral,Negative,-0.006591578841671275,-0.025679774640974262,-0.05273279836631639,-1,-1,-1,FCL,,1,1,1
2024-05-06,Indicator,CMF_State,Negative,Bullish,Bearish,Neutral,Negative,-0.006591578841671275,-0.025679774640974262,-0.05273279836631639,-1,-1,-1,FCL,,0,0,0
2024-05-07,Indicator,EMA_Trend,Bearish,Bearish,Bearish,Neutral,Negative,-0.01921485201126627,-0.046447381099149254,-0.044235552833882474,-1,-1,-1,FCL,,1,1,1
2024-05-07,Indicator,MACD_Trend,Bearish,Bearish,Bearish,Neutral,Negative,-0.01921485201126627,-0.046447381099149254,-0.044235552833882474,-1,-1,-1,FCL,,1,1,1
2024-05-07,Indicator,CMF_State,Negative,Bearish,Bearish,Neutral,Negative,-0.01921485201126627,-0.046447381099149254,-0.044235552833882474,-1,-1,-1,FCL,,0,0,0
2024-05-08,Indicator,EMA_Trend,Bearish,Bearish,Bearish,Neutral,Negative,-0.027766049622313216,-0.025510888775105656,0.025510888775105878,-1,-1,1,FCL,,1,1,0
2024-05-08,Indicator,MACD_Trend,Bearish,Bearish,Bearish,Neutral,Negative,-0.027766049622313216,-0.025510888775105656,0.025510888775105878,-1,-1,1,FCL,,1,1,0
2024-05-08,Indicator,CMF_State,Negative,Bearish,Bearish,Neutral,Negative,-0.027766049622313216,-0.025510888775105656,0.025510888775105878,-1,-1,1,FCL,,0,0,0
2024-05-09,Indicator,EMA_Trend,Bearish,Bearish,Bearish,Neutral,Negative,0.0023195660327757217,0.05479847558987472,0.025079716003359787,1,1,1,FCL,,0,0,0
2024-05-09,Indicator,MACD_Trend,Bearish,Bearish,Bearish,Neutral,Negative,0.0023195660327757217,0.05479847558987472,0.025079716003359787,1,1,1,FCL,,0,0,0
2024-05-09,Indicator,CMF_State,Negative,Bearish,Bearish,Neutral,Negative,0.0023195660327757217,0.05479847558987472,0.025079716003359787,1,1,1,FCL,,0,0,0
2024-05-10,Candlestick,CDL_HARAMI,Bullish,Bearish,Bearish,Neutral,Negative,0.05235746296444432,0.022707478474823795,0.04830772664090022,1,1,1,FCL,,1,1,1
2024-05-10,Indicator,EMA_Trend,Bearish,Bearish,Bearish,Neutral,Negative,0.05235746296444432,0.022707478474823795,0.04830772664090022,1,1,1,FCL,,0,0,0
2024-05-10,Indicator,MACD_Trend,Bearish,Bearish,Bearish,Neutral,Negative,0.05235746296444432,0.022707478474823795,0.04830772664090022,1,1,1,FCL,,0,0,0
2024-05-10,Indicator,CMF_State,Negative,Bearish,Bearish,Neutral,Negative,0.05235746296444432,0.022707478474823795,0.04830772664090022,1,1,1,FCL,,0,0,0
2024-05-13,Candlestick,CDL_THREE_INSIDE_UP,Bullish,Bearish,Bearish,Neutral,Negative,-0.02817482227578616,-0.0038482516312813297,-0.00563493090091971,-1,-1,-1,FCL,,0,0,0
2024-05-13,Indicator,EMA_Trend,Bearish,Bearish,Bearish,Neutral,Negative,-0.02817482227578616,-0.0038482516312813297,-0.00563493090091971,-1,-1,-1,FCL,,1,1,1
2024-05-13,Indicator,MACD_Trend,Bearish,Bearish,Bearish,Neutral,Negative,-0.02817482227578616,-0.0038482516312813297,-0.00563493090091971,-1,-1,-1,FCL,,1,1,1
2024-05-13,Indicator,CMF_State,Negative,Bearish,Bearish,Neutral,Negative,-0.02817482227578616,-0.0038482516312813297,-0.00563493090091971,-1,-1,-1,FCL,,0,0,0
2024-05-14,Indicator,EMA_Trend,Bearish,Bearish,Bearish,Neutral,Negative,0.025031838238099402,0.023193360175797872,0.018667815956425526,1,1,1,FCL,,0,0,0
2024-05-14,Indicator,MACD_Trend,Bearish,Bearish,Bearish,Neutral,Negative,0.025031838238099402,0.023193360175797872,0.018667815956425526,1,1,1,FCL,,0,0,0
2024-05-14,Indicator,CMF_State,Negative,Bearish,Bearish,Neutral,Negative,0.025031838238099402,0.023193360175797872,0.018667815956425526,1,1,1,FCL,,0,0,0
2024-05-15,Candlestick,CDL_HARAMI,Bullish,Bearish,Bearish,Neutral,Negative,-0.0017935814222723723,-0.006208609376088137,-0.01903971857807285,-1,-1,-1,FCL,,0,0,0
2024-05-15,Indicator,EMA_Trend,Bearish,Bearish,Bearish,Neutral,Negative,-0.0017935814222723723,-0.006208609376088137,-0.01903971857807285,-1,-1,-1,FCL,,1,1,1
2024-05-15,Indicator,MACD_Trend,Bearish,Bearish,Bearish,Neutral,Negative,-0.0017935814222723723,-0.006208609376088137,-0.01903971857807285,-1,-1,-1,FCL,,1,1,1
2024-05-15,Indicator,CMF_State,Negative,Bearish,Bearish,Neutral,Negative,-0.0017935814222723723,-0.006208609376088137,-0.01903971857807285,-1,-1,-1,FCL,,0,0,0
2024-05-16,Indicator,EMA_Trend,Bearish,Bearish,Bearish,Neutral,Negative,-0.00442296089430716,-0.01727712508638568,-0.0040083267644261955,-1,-1,-1,FCL,,1,1,1
2024-05-16,Indicator,MACD_Trend,Bearish,Bearish,Bearish,Neutral,Negative,-0.00442296089430716,-0.01727712508638568,-0.0040083267644261955,-1,-1,-1,FCL,,1,1,1
2024-05-16,Indicator,CMF_State,Negative,Bearish,Bearish,Neutral,Negative,-0.00442296089430716,-0.01727712508638568,-0.0040083267644261955,-1,-1,-1,FCL,,0,0,0
2024-05-17,Indicator,EMA_Trend,Bearish,Bearish,Bearish,Neutral,Negative,-0.012911270235425598,0.0004164761877729628,0.04595312672781504,-1,1,1,FCL,,1,0,0
2024-05-17,Indicator,MACD_Trend,Bearish,Bearish,Bearish,Neutral,Negative,-0.012911270235425598,0.0004164761877729628,0.04595312672781504,-1,1,1,FCL,,1,0,0
2024-05-17,Indicator,CMF_State,Negative,Bearish,Bearish,Neutral,Negative,-0.012911270235425598,0.0004164761877729628,0.04595312672781504,-1,1,1,FCL,,0,0,0
2024-05-21,Indicator,EMA_Trend,Bearish,Bearish,Bearish,Neutral,Negative,0.013502075367000765,0.05963435219980684,0.06371306299995605,1,1,1,FCL,,0,0,0
2024-05-21,Indicator,MACD_Trend,Bearish,Bearish,Bearish,Neutral,Negative,0.013502075367000765,0.05963435219980684,0.06371306299995605,1,1,1,FCL,,0,0,0
2024-05-21,Indicator,CMF_State,Negative,Bearish,Bearish,Neutral,Negative,0.013502075367000765,0.05963435219980684,0.06371306299995605,1,1,1,FCL,,0,0,0
2024-05-22,Indicator,EMA_Trend,Bearish,Bearish,Bullish,Neutral,Negative,0.04551769350457513,0.04954206691167662,0.018734388644716216,1,1,1,FCL,,0,0,0
2024-05-22,Indicator,MACD_Trend,Bullish,Bearish,Bullish,Neutral,Negative,0.04551769350457513,0.04954206691167662,0.018734388644716216,1,1,1,FCL,,1,1,1
2024-05-22,Indicator,CMF_State,Negative,Bearish,Bullish,Neutral,Negative,0.04551769350457513,0.04954206691167662,0.018734388644716216,1,1,1,FCL,,0,0,0
2024-05-23,Indicator,EMA_Trend,Bearish,Bearish,Bullish,Neutral,Negative,0.003849168150958704,-0.025617265997748162,-0.0017255757711662767,1,-1,-1,FCL,,0,1,1
2024-05-23,Indicator,MACD_Trend,Bullish,Bearish,Bullish,Neutral,Negative,0.003849168150958704,-0.025617265997748162,-0.0017255757711662767,1,-1,-1,FCL,,1,0,0
2024-05-23,Indicator,CMF_State,Negative,Bearish,Bullish,Neutral,Negative,0.003849168150958704,-0.025617265997748162,-0.0017255757711662767,1,-1,-1,FCL,,0,0,0
2024-05-24,Indicator,EMA_Trend,Bearish,Bearish,Bullish,Neutral,Negative,-0.029353447792343723,-0.005553368074601717,-0.041385678035389395,-1,-1,-1,FCL,,1,1,1
2024-05-24,Indicator,MACD_Trend,Bullish,Bearish,Bullish,Neutral,Negative,-0.029353447792343723,-0.005553368074601717,-0.041385678035389395,-1,-1,-1,FCL,,0,0,0
2024-05-24,Indicator,CMF_State,Negative,Bearish,Bullish,Neutral,Negative,-0.029353447792343723,-0.005553368074601717,-0.041385678035389395,-1,-1,-1,FCL,,0,0,0
2024-05-27,Candlestick,CDL_EVENING_STAR,Bearish,Bearish,Bullish,Neutral,Negative,0.024519821003444298,-0.012396098472383543,-0.034055306949228314,1,-1,-1,FCL,,0,1,1
2024-05-27,Indicator,EMA_Trend,Bearish,Bearish,Bullish,Neutral,Negative,0.024519821003444298,-0.012396098472383543,-0.034055306949228314,1,-1,-1,FCL,,0,1,1
2024-05-27,Indicator,MACD_Trend,Bullish,Bearish,Bullish,Neutral,Negative,0.024519821003444298,-0.012396098472383543,-0.034055306949228314,1,-1,-1,FCL,,1,0,0
2024-05-27,Indicator,CMF_State,Negative,Bearish,Bullish,Neutral,Negative,0.024519821003444298,-0.012396098472383543,-0.034055306949228314,1,-1,-1,FCL,,0,0,0
2024-05-28,Indicator,EMA_Trend,Bearish,Bearish,Bullish,Neutral,Negative,-0.03603241120281231,-0.057173250094178174,-0.05850286056148468,-1,-1,-1,FCL,,1,1,1
2024-05-28,Indicator,MACD_Trend,Bullish,Bearish,Bullish,Neutral,Negative,-0.03603241120281231,-0.057173250094178174,-0.05850286056148468,-1,-1,-1,FCL,,0,0,0
2024-05-28,Indicator,CMF_State,Negative,Bearish,Bullish,Neutral,Negative,-0.03603241120281231,-0.057173250094178174,-0.05850286056148468,-1,-1,-1,FCL,,0,0,0
2024-05-29,Indicator,EMA_Trend,Bearish,Bearish,Bullish,Neutral,Negative,-0.021931068157327593,-0.023310378502155227,-0.02634479391163791,-1,-1,-1,FCL,,1,1,1
2024-05-29,Indicator,MACD_Trend,Bullish,Bearish,Bullish,Neutral,Negative,-0.021931068157327593,-0.023310378502155227,-0.02634479391163791,-1,-1,-1,FCL,,0,0,0
2024-05-29,Indicator,CMF_State,Negative,Bearish,Bullish,Neutral,Negative,-0.021931068157327593,-0.023310378502155227,-0.02634479391163791,-1,-1,-1,FCL,,0,0,0
2024-05-30,Indicator,EMA_Trend,Bearish,Bearish,Bullish,Neutral,Negative,-0.0014102383788318074,-0.0045126939529660515,-0.07826823002516636,-1,-1,-1,FCL,,1,1,1
2024-05-30,Indicator,MACD_Trend,Bullish,Bearish,Bullish,Neutral,Negative,-0.0014102383788318074,-0.0045126939529660515,-0.07826823002516636,-1,-1,-1,FCL,,0,0,0
2024-05-30,Indicator,CMF_State,Negative,Bearish,Bullish,Neutral,Negative,-0.0014102383788318074,-0.0045126939529660515,-0.07826823002516636,-1,-1,-1,FCL,,0,0,0
2024-05-31,Indicator,EMA_Trend,Bearish,Bearish,Bearish,Neutral,Negative,-0.003106836954844705,-0.0769665328047815,-0.022313216124452806,-1,-1,-1,FCL,,1,1,1
2024-05-31,Indicator,MACD_Trend,Bearish,Bearish,Bearish,Neutral,Negative,-0.003106836954844705,-0.0769665328047815,-0.022313216124452806,-1,-1,-1,FCL,,1,1,1
2024-05-31,Indicator,CMF_State,Negative,Bearish,Bearish,Neutral,Negative,-0.003106836954844705,-0.0769665328047815,-0.022313216124452806,-1,-1,-1,FCL,,0,0,0
2024-06-03,Indicator,EMA_Trend,Bearish,Bearish,Bearish,Neutral,Negative,-0.07408988103030179,-0.019266236224290467,-0.004533237138909962,-1,-1,-1,FCL,,1,1,1
2024-06-03,Indicator,MACD_Trend,Bearish,Bearish,Bearish,Neutral,Negative,-0.07408988103030179,-0.019266236224290467,-0.004533237138909962,-1,-1,-1,FCL,,1,1,1
2024-06-03,Indicator,CMF_State,Negative,Bearish,Bearish,Neutral,Negative,-0.07408988103030179,-0.019266236224290467,-0.004533237138909962,-1,-1,-1,FCL,,0,0,0
2024-06-04,Indicator,EMA_Trend,Bearish,Bearish,Bearish,Neutral,Negative,0.05921054720410224,0.07512245785669847,0.09256426294349707,1,1,1,FCL,,0,0,0
2024-06-04,Indicator,MACD_Trend,Bearish,Bearish,Bearish,Neutral,Negative,0.05921054720410224,0.07512245785669847,0.09256426294349707,1,1,1,FCL,,0,0,0
2024-06-04,Indicator,CMF_State,Negative,Bearish,Bearish,Neutral,Negative,0.05921054720410224,0.07512245785669847,0.09256426294349707,1,1,1,FCL,,0,0,0
2024-06-05,Candlestick,CDL_HARAMI,Bullish,Bearish,Bearish,Neutral,Negative,0.015022424667689993,0.03148922169198132,0.056478459209198695,1,1,1,FCL,,1,1,1
2024-06-05,Indicator,EMA_Trend,Bearish,Bearish,Bearish,Neutral,Negative,0.015022424667689993,0.03148922169198132,0.056478459209198695,1,1,1,FCL,,0,0,0
2024-06-05,Indicator,MACD_Trend,Bearish,Bearish,Bearish,Neutral,Negative,0.015022424667689993,0.03148922169198132,0.056478459209198695,1,1,1,FCL,,0,0,0
2024-06-05,Indicator,CMF_State,Negative,Bearish,Bearish,Neutral,Negative,0.015022424667689993,0.03148922169198132,0.056478459209198695,1,1,1,FCL,,0,0,0
2024-06-06,Candlestick,CDL_SHOOTING_STAR,Bearish,Bearish,Bearish,Neutral,Negative,0.016223086923111696,0.040842481440822365,0.041127028428728396,1,1,1,FCL,,0,0,0
2024-06-06,Indicator,EMA_Trend,Bearish,Bearish,Bearish,Neutral,Negative,0.016223086923111696,0.040842481440822365,0.041127028428728396,1,1,1,FCL,,0,0,0
2024-06-06,Indicator,MACD_Trend,Bearish,Bearish,Bearish,Neutral,Negative,0.016223086923111696,0.040842481440822365,0.041127028428728396,1,1,1,FCL,,0,0,0
2024-06-06,Indicator,CMF_State,Negative,Bearish,Bearish,Neutral,Negative,0.016223086923111696,0.040842481440822365,0.041127028428728396,1,1,1,FCL,,0,0,0
2024-06-07,Indicator,EMA_Trend,Bearish,Bearish,Bearish,Neutral,Negative,0.024226368043116064,0.024506372494468964,0.007702002783975814,1,1,1,FCL,,0,0,0
2024-06-07,Indicator,MACD_Trend,Bearish,Bearish,Bearish,Neutral,Negative,0.024226368043116064,0.024506372494468964,0.007702002783975814,1,1,1,FCL,,0,0,0
2024-06-07,Indicator,CMF_State,Negative,Bearish,Bearish,Neutral,Negative,0.024226368043116064,0.024506372494468964,0.007702002783975814,1,1,1,FCL,,0,0,0
2024-06-10,Indicator,EMA_Trend,Bearish,Bearish,Bullish,Neutral,Positive,0.00027338141263411053,-0.016133508933881102,-0.02365333367603384,1,-1,-1,FCL,,0,1,1
2024-06-10,Indicator,MACD_Trend,Bullish,Bearish,Bullish,Neutral,Positive,0.00027338141263411053,-0.016133508933881102,-0.02365333367603384,1,-1,-1,FCL,,1,0,0
2024-06-10,Indicator,CMF_State,Positive,Bearish,Bullish,Neutral,Positive,0.00027338141263411053,-0.016133508933881102,-0.02365333367603384,1,-1,-1,FCL,,0,0,0
2024-06-11,Indicator,EMA_Trend,Bearish,Bearish,Bullish,Neutral,Negative,-0.01640240623352851,-0.023920175757229045,-0.018862750483167323,-1,-1,-1,FCL,,1,1,1
2024-06-11,Indicator,MACD_Trend,Bullish,Bearish,Bullish,Neutral,Negative,-0.01640240623352851,-0.023920175757229045,-0.018862750483167323,-1,-1,-1,FCL,,0,0,0
2024-06-11,Indicator,CMF_State,Negative,Bearish,Bullish,Neutral,Negative,-0.01640240623352851,-0.023920175757229045,-0.018862750483167323,-1,-1,-1,FCL,,0,0,0
2024-06-12,Indicator,EMA_Trend,Bearish,Bearish,Bullish,Neutral,Positive,-0.007643135334352347,-0.0025013727821531218,-0.010561389443835334,-1,-1,-1,FCL,,1,1,1
2024-06-12,Indicator,MACD_Trend,Bullish,Bearish,Bullish,Neutral,Positive,-0.007643135334352347,-0.0025013727821531218,-0.010561389443835334,-1,-1,-1,FCL,,0,0,0
2024-06-12,Indicator,CMF_State,Positive,Bearish,Bullish,Neutral,Positive,-0.007643135334352347,-0.0025013727821531218,-0.010561389443835334,-1,-1,-1,FCL,,0,0,0
2024-06-13,Indicator,EMA_Trend,Bearish,Bearish,Bullish,Neutral,Negative,0.005181364421690704,-0.0029407305107584936,0.007281910635502431,1,-1,1,FCL,,0,1,0
2024-06-13,Indicator,MACD_Trend,Bullish,Bearish,Bullish,Neutral,Negative,0.005181364421690704,-0.0029407305107584936,0.007281910635502431,1,-1,1,FCL,,1,0,1
2024-06-13,Indicator,CMF_State,Negative,Bearish,Bullish,Neutral,Negative,0.005181364421690704,-0.0029407305107584936,0.007281910635502431,1,-1,1,FCL,,0,0,0
2024-06-14,Indicator,EMA_Trend,Bearish,Bearish,Bullish,Neutral,Negative,-0.00808022832488764,0.002089718620102099,0.04931739344675612,-1,1,1,FCL,,1,0,0
2024-06-14,Indicator,MACD_Trend,Bullish,Bearish,Bullish,Neutral,Negative,-0.00808022832488764,0.002089718620102099,0.04931739344675612,-1,1,1,FCL,,0,1,1
2024-06-14,Indicator,CMF_State,Negative,Bearish,Bullish,Neutral,Negative,-0.00808022832488764,0.002089718620102099,0.04931739344675612,-1,1,1,FCL,,0,0,0
2024-06-18,Candlestick,CDL_BULLISH_ENGULFING,Bearish,Bearish,Bullish,Neutral,Negative,0.01025279184405714,0.05786518568403265,0.09592694914742794,1,1,1,FCL,,0,0,0
2024-06-18,Indicator,EMA_Trend,Bearish,Bearish,Bullish,Neutral,Negative,0.01025279184405714,0.05786518568403265,0.09592694914742794,1,1,1,FCL,,0,0,0
2024-06-18,Indicator,MACD_Trend,Bullish,Bearish,Bullish,Neutral,Negative,0.01025279184405714,0.05786518568403265,0.09592694914742794,1,1,1,FCL,,1,1,1
2024-06-18,Indicator,CMF_State,Negative,Bearish,Bullish,Neutral,Negative,0.01025279184405714,0.05786518568403265,0.09592694914742794,1,1,1,FCL,,0,0,0
2024-06-19,Indicator,EMA_Trend,Bearish,Bearish,Bullish,Neutral,Negative,0.04712918808476285,0.0848046726473144,0.09175587532332385,1,1,1,FCL,,0,0,0
2024-06-19,Indicator,MACD_Trend,Bullish,Bearish,Bullish,Neutral,Negative,0.04712918808476285,0.0848046726473144,0.09175587532332385,1,1,1,FCL,,1,1,1
2024-06-19,Indicator,CMF_State,Negative,Bearish,Bullish,Neutral,Negative,0.04712918808476285,0.0848046726473144,0.09175587532332385,1,1,1,FCL,,0,0,0
2024-06-20,Indicator,EMA_Trend,Bearish,Bearish,Bullish,Neutral,Positive,0.03597978644016342,0.042618129402146376,0.03319171480991456,1,1,1,FCL,,0,0,0
2024-06-20,Indicator,MACD_Trend,Bullish,Bearish,Bullish,Neutral,Positive,0.03597978644016342,0.042618129402146376,0.03319171480991456,1,1,1,FCL,,1,1,1
2024-06-20,Indicator,CMF_State,Positive,Bearish,Bullish,Neutral,Positive,0.03597978644016342,0.042618129402146376,0.03319171480991456,1,1,1,FCL,,0,0,0
2024-06-21,Indicator,EMA_Trend,Bearish,Bearish,Bullish,Neutral,Negative,0.0064077919751635015,-0.0026912413415219882,0.007561225818739636,1,-1,1,FCL,,0,1,0
2024-06-21,Indicator,MACD_Trend,Bullish,Bearish,Bullish,Neutral,Negative,0.0064077919751635015,-0.0026912413415219882,0.007561225818739636,1,-1,1,FCL,,1,0,1
2024-06-21,Indicator,CMF_State,Negative,Bearish,Bullish,Neutral,Negative,0.0064077919751635015,-0.0026912413415219882,0.007561225818739636,1,-1,1,FCL,,0,0,0
2024-06-24,Candlestick,CDL_BULLISH_ENGULFING,Bullish,Bearish,Bullish,Neutral,Negative,-0.009041099829749766,0.0011460899376707356,-0.015535479939734143,-1,1,-1,FCL,,0,1,0
2024-06-24,Indicator,EMA_Trend,Bearish,Bearish,Bullish,Neutral,Negative,-0.009041099829749766,0.0011460899376707356,-0.015535479939734143,-1,1,-1,FCL,,1,0,1
2024-06-24,Indicator,MACD_Trend,Bullish,Bearish,Bullish,Neutral,Negative,-0.009041099829749766,0.0011460899376707356,-0.015535479939734143,-1,1,-1,FCL,,0,1,0
2024-06-24,Indicator,CMF_State,Negative,Bearish,Bullish,Neutral,Negative,-0.009041099829749766,0.0011460899376707356,-0.015535479939734143,-1,1,-1,FCL,,0,0,0
2024-06-25,Candlestick,CDL_BULLISH_ENGULFING,Bearish,Bullish,Bullish,Neutral,Negative,0.010280133480480735,-0.006553632152522804,-0.015548748947943447,1,-1,-1,FCL,,0,1,1
2024-06-25,Indicator,EMA_Trend,Bullish,Bullish,Bullish,Neutral,Negative,0.010280133480480735,-0.006553632152522804,-0.015548748947943447,1,-1,-1,FCL,,1,0,0
2024-06-25,Indicator,MACD_Trend,Bullish,Bullish,Bullish,Neutral,Negative,0.010280133480480735,-0.006553632152522804,-0.015548748947943447,1,-1,-1,FCL,,1,0,0
2024-06-25,Indicator,CMF_State,Negative,Bullish,Bullish,Neutral,Negative,0.010280133480480735,-0.006553632152522804,-0.015548748947943447,1,-1,-1,FCL,,0,0,0
2024-06-26,Candlestick,CDL_HARAMI,Bullish,Bullish,Bullish,Neutral,Negative,-0.016662473184551385,-0.025566059919877815,-0.015263291546273927,-1,-1,-1,FCL,,0,0,0
2024-06-26,Indicator,EMA_Trend,Bullish,Bullish,Bullish,Neutral,Negative,-0.016662473184551385,-0.025566059919877815,-0.015263291546273927,-1,-1,-1,FCL,,0,0,0
2024-06-26,Indicator,MACD_Trend,Bullish,Bullish,Bullish,Neutral,Negative,-0.016662473184551385,-0.025566059919877815,-0.015263291546273927,-1,-1,-1,FCL,,0,0,0
2024-06-26,Indicator,CMF_State,Negative,Bullish,Bullish,Neutral,Negative,-0.016662473184551385,-0.025566059919877815,-0.015263291546273927,-1,-1,-1,FCL,,0,0,0
2024-06-27,Candlestick,CDL_BULLISH_ENGULFING,Bearish,Bullish,Bullish,Neutral,Negative,-0.009054456371822561,0.0014228905133000236,0.017720880403143013,-1,1,1,FCL,,1,0,0
2024-06-27,Indicator,EMA_Trend,Bullish,Bullish,Bullish,Neutral,Negative,-0.009054456371822561,0.0014228905133000236,0.017720880403143013,-1,1,1,FCL,,0,1,1
2024-06-27,Indicator,MACD_Trend,Bullish,Bullish,Bullish,Neutral,Negative,-0.009054456371822561,0.0014228905133000236,0.017720880403143013,-1,1,1,FCL,,0,1,1
2024-06-27,Indicator,CMF_State,Negative,Bullish,Bullish,Neutral,Negative,-0.009054456371822561,0.0014228905133000236,0.017720880403143013,-1,1,1,FCL,,0,0,0
2024-06-28,Candlestick,CDL_THREE_OUTSIDE_UP,Bearish,Bullish,Bullish,Neutral,Negative,0.010573080380140265,0.02701998807818673,0.02989169187291485,1,1,1,FCL,,0,0,0
2024-06-28,Indicator,EMA_Trend,Bullish,Bullish,Bullish,Neutral,Negative,0.010573080380140265,0.02701998807818673,0.02989169187291485,1,1,1,FCL,,1,1,1
2024-06-28,Indicator,MACD_Trend,Bullish,Bullish,Bullish,Neutral,Negative,0.010573080380140265,0.02701998807818673,0.02989169187291485,1,1,1,FCL,,1,1,1
2024-06-28,Indicator,CMF_State,Negative,Bullish,Bullish,Neutral,Negative,0.010573080380140265,0.02701998807818673,0.02989169187291485,1,1,1,FCL,,0,0,0
2024-07-01,Indicator,EMA_Trend,Bullish,Bullish,Bullish,Neutral,Negative,0.016274832584952437,0.0191164912937396,0.01123742194504751,1,1,1,FCL,,1,1,1
2024-07-01,Indicator,MACD_Trend,Bullish,Bullish,Bullish,Neutral,Negative,0.016274832584952437,0.0191164912937396,0.01123742194504751,1,1,1,FCL,,1,1,1
2024-07-01,Indicator,CMF_State,Negative,Bullish,Bullish,Neutral,Negative,0.016274832584952437,0.0191164912937396,0.01123742194504751,1,1,1,FCL,,0,0,0
2024-07-02,Indicator,EMA_Trend,Bullish,Bullish,Bullish,Neutral,Negative,0.0027961518062582513,-0.004956740517810365,-0.015505862222053524,1,-1,-1,FCL,,1,0,0
2024-07-02,Indicator,MACD_Trend,Bullish,Bullish,Bullish,Neutral,Negative,0.0027961518062582513,-0.004956740517810365,-0.015505862222053524,1,-1,-1,FCL,,1,0,0
2024-07-02,Indicator,CMF_State,Negative,Bullish,Bullish,Neutral,Negative,0.0027961518062582513,-0.004956740517810365,-0.015505862222053524,1,-1,-1,FCL,,0,0,0
2024-07-03,Indicator,EMA_Trend,Bullish,Bullish,Bullish,Neutral,Negative,-0.007731274506891483,-0.01825098151338711,-0.03206589073887045,-1,-1,-1,FCL,,0,0,0
2024-07-03,Indicator,MACD_Trend,Bullish,Bullish,Bullish,Neutral,Negative,-0.007731274506891483,-0.01825098151338711,-0.03206589073887045,-1,-1,-1,FCL,,0,0,0
2024-07-03,Indicator,CMF_State,Negative,Bullish,Bullish,Neutral,Negative,-0.007731274506891483,-0.01825098151338711,-0.03206589073887045,-1,-1,-1,FCL,,0,0,0
2024-07-04,Candlestick,CDL_EVENING_STAR,Bearish,Bullish,Bullish,Neutral,Negative,-0.010601671438619453,-0.024524219706597905,-0.045344231565925486,-1,-1,-1,FCL,,1,1,1
2024-07-04,Indicator,EMA_Trend,Bullish,Bullish,Bullish,Neutral,Negative,-0.010601671438619453,-0.024524219706597905,-0.045344231565925486,-1,-1,-1,FCL,,0,0,0
2024-07-04,Indicator,MACD_Trend,Bullish,Bullish,Bullish,Neutral,Negative,-0.010601671438619453,-0.024524219706597905,-0.045344231565925486,-1,-1,-1,FCL,,0,0,0
2024-07-04,Indicator,CMF_State,Negative,Bullish,Bullish,Neutral,Negative,-0.010601671438619453,-0.024524219706597905,-0.045344231565925486,-1,-1,-1,FCL,,0,0,0
2024-07-05,Indicator,EMA_Trend,Bullish,Bullish,Bullish,Neutral,Negative,-0.014071732148792315,-0.03511483608206922,-0.03692225211381328,-1,-1,-1,FCL,,0,0,0
2024-07-05,Indicator,MACD_Trend,Bullish,Bullish,Bullish,Neutral,Negative,-0.014071732148792315,-0.03511483608206922,-0.03692225211381328,-1,-1,-1,FCL,,0,0,0
2024-07-05,Indicator,CMF_State,Negative,Bullish,Bullish,Neutral,Negative,-0.014071732148792315,-0.03511483608206922,-0.03692225211381328,-1,-1,-1,FCL,,0,0,0
2024-07-08,Indicator,EMA_Trend,Bullish,Bullish,Bullish,Neutral,Negative,-0.021343443148394092,-0.02317665565551008,-0.020165017896958903,-1,-1,-1,FCL,,0,0,0
2024-07-08,Indicator,MACD_Trend,Bullish,Bullish,Bullish,Neutral,Negative,-0.021343443148394092,-0.02317665565551008,-0.020165017896958903,-1,-1,-1,FCL,,0,0,0
2024-07-08,Indicator,CMF_State,Negative,Bullish,Bullish,Neutral,Negative,-0.021343443148394092,-0.02317665565551008,-0.020165017896958903,-1,-1,-1,FCL,,0,0,0
2024-07-09,Indicator,EMA_Trend,Bullish,Bullish,Bearish,Neutral,Negative,-0.0018731928931366992,0.0012041254341832452,-0.01752747684396161,-1,1,-1,FCL,,0,1,0
2024-07-09,Indicator,MACD_Trend,Bearish,Bullish,Bearish,Neutral,Negative,-0.0018731928931366992,0.0012041254341832452,-0.01752747684396161,-1,1,-1,FCL,,1,0,1
2024-07-09,Indicator,CMF_State,Negative,Bullish,Bearish,Neutral,Negative,-0.0018731928931366992,0.0012041254341832452,-0.01752747684396161,-1,1,-1,FCL,,0,0,0
2024-07-10,Indicator,EMA_Trend,Bullish,Bullish,Bearish,Neutral,Negative,0.003083093556258465,-0.01568366247591324,0.0032171909035692003,1,-1,1,FCL,,1,0,1
2024-07-10,Indicator,MACD_Trend,Bearish,Bullish,Bearish,Neutral,Negative,0.003083093556258465,-0.01568366247591324,0.0032171909035692003,1,-1,1,FCL,,0,1,0
2024-07-10,Indicator,CMF_State,Negative,Bullish,Bearish,Neutral,Negative,0.003083093556258465,-0.01568366247591324,0.0032171909035692003,1,-1,1,FCL,,0,0,0
2024-07-11,Indicator,EMA_Trend,Bullish,Bullish,Bearish,Neutral,Negative,-0.018709074206043397,0.00013368518338330304,-0.0017372548632573759,-1,1,-1,FCL,,0,1,0
2024-07-11,Indicator,MACD_Trend,Bearish,Bullish,Bearish,Neutral,Negative,-0.018709074206043397,0.00013368518338330304,-0.0017372548632573759,-1,1,-1,FCL,,1,0,1
2024-07-11,Indicator,CMF_State,Negative,Bullish,Bearish,Neutral,Negative,-0.018709074206043397,0.00013368518338330304,-0.0017372548632573759,-1,1,-1,FCL,,0,0,0
2024-07-12,Indicator,EMA_Trend,Bullish,Bullish,Bearish,Neutral,Negative,0.01920201124267118,0.017295400269857986,-0.0032683690845747293,1,1,-1,FCL,,1,1,0
2024-07-12,Indicator,MACD_Trend,Bearish,Bullish,Bearish,Neutral,Negative,0.01920201124267118,0.017295400269857986,-0.0032683690845747293,1,1,-1,FCL,,0,0,1
2024-07-12,Indicator,CMF_State,Negative,Bullish,Bearish,Neutral,Negative,0.01920201124267118,0.017295400269857986,-0.0032683690845747293,1,1,-1,FCL,,0,0,0
2024-07-15,Candlestick,CDL_HARAMI,Bullish,Bullish,Bearish,Neutral,Negative,-0.001870689963109906,-0.022047032952622114,-0.03514169958601465,-1,-1,-1,FCL,,0,0,0
2024-07-15,Indicator,EMA_Trend,Bullish,Bullish,Bearish,Neutral,Negative,-0.001870689963109906,-0.022047032952622114,-0.03514169958601465,-1,-1,-1,FCL,,0,0,0
2024-07-15,Indicator,MACD_Trend,Bearish,Bullish,Bearish,Neutral,Negative,-0.001870689963109906,-0.022047032952622114,-0.03514169958601465,-1,-1,-1,FCL,,1,1,1
2024-07-15,Indicator,CMF_State,Negative,Bullish,Bearish,Neutral,Negative,-0.001870689963109906,-0.022047032952622114,-0.03514169958601465,-1,-1,-1,FCL,,0,0,0
2024-07-16,Indicator,EMA_Trend,Bullish,Bullish,Bearish,Neutral,Negative,-0.020214157410893385,-0.03333336601614778,-0.03962513465319617,-1,-1,-1,FCL,,0,0,0
2024-07-16,Indicator,MACD_Trend,Bearish,Bullish,Bearish,Neutral,Negative,-0.020214157410893385,-0.03333336601614778,-0.03962513465319617,-1,-1,-1,FCL,,1,1,1
2024-07-16,Indicator,CMF_State,Negative,Bullish,Bearish,Neutral,Negative,-0.020214157410893385,-0.03333336601614778,-0.03962513465319617,-1,-1,-1,FCL,,0,0,0
2024-07-18,Indicator,EMA_Trend,Bullish,Bullish,Bearish,Neutral,Negative,-0.013389873618286363,-0.01981144899073939,-0.011613608029053979,-1,-1,-1,FCL,,0,0,0
2024-07-18,Indicator,MACD_Trend,Bearish,Bullish,Bearish,Neutral,Negative,-0.013389873618286363,-0.01981144899073939,-0.011613608029053979,-1,-1,-1,FCL,,1,1,1
2024-07-18,Indicator,CMF_State,Negative,Bullish,Bearish,Neutral,Negative,-0.013389873618286363,-0.01981144899073939,-0.011613608029053979,-1,-1,-1,FCL,,0,0,0
2024-07-19,Indicator,EMA_Trend,Bullish,Bullish,Bearish,Neutral,Negative,-0.006508726396315723,0.0018003723474302458,0.01924944589948696,-1,1,1,FCL,,0,1,1
2024-07-19,Indicator,MACD_Trend,Bearish,Bullish,Bearish,Neutral,Negative,-0.006508726396315723,0.0018003723474302458,0.01924944589948696,-1,1,1,FCL,,1,0,0
2024-07-19,Indicator,CMF_State,Negative,Bullish,Bearish,Neutral,Negative,-0.006508726396315723,0.0018003723474302458,0.01924944589948696,-1,1,1,FCL,,0,0,0
2024-07-22,Indicator,EMA_Trend,Bullish,Bullish,Bearish,Neutral,Negative,0.008363534702832798,0.02592692354747128,0.030666293910386555,1,1,1,FCL,,1,1,1
2024-07-22,Indicator,MACD_Trend,Bearish,Bullish,Bearish,Neutral,Negative,0.008363534702832798,0.02592692354747128,0.030666293910386555,1,1,1,FCL,,0,0,0
2024-07-22,Indicator,CMF_State,Negative,Bullish,Bearish,Neutral,Negative,0.008363534702832798,0.02592692354747128,0.030666293910386555,1,1,1,FCL,,0,0,0
2024-07-23,Indicator,EMA_Trend,Bullish,Bullish,Bearish,Neutral,Negative,0.01741771517929247,0.022117776416941126,0.027232444715261872,1,1,1,FCL,,1,1,1
2024-07-23,Indicator,MACD_Trend,Bearish,Bullish,Bearish,Neutral,Negative,0.01741771517929247,0.022117776416941126,0.027232444715261872,1,1,1,FCL,,0,0,0
2024-07-23,Indicator,CMF_State,Negative,Bullish,Bearish,Neutral,Negative,0.01741771517929247,0.022117776416941126,0.027232444715261872,1,1,1,FCL,,0,0,0
2024-07-24,Candlestick,CDL_BULLISH_ENGULFING,Bullish,Bearish,Bearish,Neutral,Negative,0.004619598388672097,0.00964670595915429,0.027309749437415265,1,1,1,FCL,,1,1,1
2024-07-24,Indicator,EMA_Trend,Bearish,Bearish,Bearish,Neutral,Negative,0.004619598388672097,0.00964670595915429,0.027309749437415265,1,1,1,FCL,,0,0,0
2024-07-24,Indicator,MACD_Trend,Bearish,Bearish,Bearish,Neutral,Negative,0.004619598388672097,0.00964670595915429,0.027309749437415265,1,1,1,FCL,,0,0,0
2024-07-24,Indicator,CMF_State,Negative,Bearish,Bearish,Neutral,Negative,0.004619598388672097,0.00964670595915429,0.027309749437415265,1,1,1,FCL,,0,0,0
2024-07-25,Candlestick,CDL_THREE_OUTSIDE_UP,Bullish,Bearish,Bearish,Neutral,Negative,0.0050039911410701965,0.02258581366035095,0.04206109623891696,1,1,1,FCL,,1,1,1
2024-07-25,Indicator,EMA_Trend,Bearish,Bearish,Bearish,Neutral,Negative,0.0050039911410701965,0.02258581366035095,0.04206109623891696,1,1,1,FCL,,0,0,0
2024-07-25,Indicator,MACD_Trend,Bearish,Bearish,Bearish,Neutral,Negative,0.0050039911410701965,0.02258581366035095,0.04206109623891696,1,1,1,FCL,,0,0,0
2024-07-25,Indicator,CMF_State,Negative,Bearish,Bearish,Neutral,Negative,0.0050039911410701965,0.02258581366035095,0.04206109623891696,1,1,1,FCL,,0,0,0
2024-07-26,Indicator,EMA_Trend,Bearish,Bearish,Bearish,Neutral,Negative,0.017494281290682867,0.03687259495932205,0.027048899584803054,1,1,1,FCL,,0,0,0
2024-07-26,Indicator,MACD_Trend,Bearish,Bearish,Bearish,Neutral,Negative,0.017494281290682867,0.03687259495932205,0.027048899584803054,1,1,1,FCL,,0,0,0
2024-07-26,Indicator,CMF_State,Negative,Bearish,Bearish,Neutral,Negative,0.017494281290682867,0.03687259495932205,0.027048899584803054,1,1,1,FCL,,0,0,0
2024-07-29,Indicator,EMA_Trend,Bullish,Bullish,Bearish,Neutral,Negative,0.019045132758935823,0.009390341026782156,-0.007274170318201323,1,1,-1,FCL,,1,1,0
2024-07-29,Indicator,MACD_Trend,Bearish,Bullish,Bearish,Neutral,Negative,0.019045132758935823,0.009390341026782156,-0.007274170318201323,1,1,-1,FCL,,0,0,1
2024-07-29,Indicator,CMF_State,Negative,Bullish,Bearish,Neutral,Negative,0.019045132758935823,0.009390341026782156,-0.007274170318201323,1,1,-1,FCL,,0,0,0
2024-07-30,Candlestick,CDL_BULLISH_ENGULFING,Bullish,Bullish,Bullish,Neutral,Negative,-0.009474351450965313,-0.025827416501054357,-0.030110333818340385,-1,-1,-1,FCL,,0,0,0
2024-07-30,Indicator,EMA_Trend,Bullish,Bullish,Bullish,Neutral,Negative,-0.009474351450965313,-0.025827416501054357,-0.030110333818340385,-1,-1,-1,FCL,,0,0,0
2024-07-30,Indicator,MACD_Trend,Bullish,Bullish,Bullish,Neutral,Negative,-0.009474351450965313,-0.025827416501054357,-0.030110333818340385,-1,-1,-1,FCL,,0,0,0
2024-07-30,Indicator,CMF_State,Negative,Bullish,Bullish,Neutral,Negative,-0.009474351450965313,-0.025827416501054357,-0.030110333818340385,-1,-1,-1,FCL,,0,0,0
2024-07-31,Indicator,EMA_Trend,Bullish,Bullish,Bullish,Neutral,Negative,-0.016509481681815874,-0.020833364989188863,-0.06302415599024624,-1,-1,-1,FCL,,0,0,0
2024-07-31,Indicator,MACD_Trend,Bullish,Bullish,Bullish,Neutral,Negative,-0.016509481681815874,-0.020833364989188863,-0.06302415599024624,-1,-1,-1,FCL,,0,0,0
2024-07-31,Indicator,CMF_State,Negative,Bullish,Bullish,Neutral,Negative,-0.016509481681815874,-0.020833364989188863,-0.06302415599024624,-1,-1,-1,FCL,,0,0,0
2024-08-01,Indicator,EMA_Trend,Bullish,Bullish,Bullish,Neutral,Negative,-0.004396466693717627,-0.04729549847412118,-0.008126799606109514,-1,-1,-1,FCL,,0,0,0
2024-08-01,Indicator,MACD_Trend,Bullish,Bullish,Bullish,Neutral,Negative,-0.004396466693717627,-0.04729549847412118,-0.008126799606109514,-1,-1,-1,FCL,,0,0,0
2024-08-01,Indicator,CMF_State,Negative,Bullish,Bullish,Neutral,Negative,-0.004396466693717627,-0.04729549847412118,-0.008126799606109514,-1,-1,-1,FCL,,0,0,0
2024-08-02,Indicator,EMA_Trend,Bullish,Bullish,Bullish,Neutral,Negative,-0.043088468798358814,-0.003746805618501381,0.015388733022682732,-1,-1,1,FCL,,0,0,1
2024-08-02,Indicator,MACD_Trend,Bullish,Bullish,Bullish,Neutral,Negative,-0.043088468798358814,-0.003746805618501381,0.015388733022682732,-1,-1,1,FCL,,0,0,1
2024-08-02,Indicator,CMF_State,Negative,Bullish,Bullish,Neutral,Negative,-0.043088468798358814,-0.003746805618501381,0.015388733022682732,-1,-1,1,FCL,,0,0,0
2024-08-05,Indicator,EMA_Trend,Bullish,Bullish,Bearish,Neutral,Negative,0.04111316657502706,0.06111035337572823,0.06572507566021013,1,1,1,FCL,,1,1,1
2024-08-05,Indicator,MACD_Trend,Bearish,Bullish,Bearish,Neutral,Negative,0.04111316657502706,0.06111035337572823,0.06572507566021013,1,1,1,FCL,,0,0,0
2024-08-05,Indicator,CMF_State,Negative,Bullish,Bearish,Neutral,Negative,0.04111316657502706,0.06111035337572823,0.06572507566021013,1,1,1,FCL,,0,0,0
2024-08-06,Indicator,EMA_Trend,Bullish,Bullish,Bearish,Neutral,Negative,0.019207505430448357,0.023639994071104953,0.04163868368032242,1,1,1,FCL,,1,1,1
2024-08-06,Indicator,MACD_Trend,Bearish,Bullish,Bearish,Neutral,Negative,0.019207505430448357,0.023639994071104953,0.04163868368032242,1,1,1,FCL,,0,0,0
2024-08-06,Indicator,CMF_State,Negative,Bullish,Bearish,Neutral,Negative,0.019207505430448357,0.023639994071104953,0.04163868368032242,1,1,1,FCL,,0,0,0
2024-08-07,Candlestick,CDL_SHOOTING_STAR,Bearish,Bullish,Bullish,Neutral,Negative,0.004348956043828123,0.02200845081139846,-0.031101707914598098,1,1,-1,FCL,,0,0,1
2024-08-07,Indicator,EMA_Trend,Bullish,Bullish,Bullish,Neutral,Negative,0.004348956043828123,0.02200845081139846,-0.031101707914598098,1,1,-1,FCL,,1,1,0
2024-08-07,Indicator,MACD_Trend,Bullish,Bullish,Bullish,Neutral,Negative,0.004348956043828123,0.02200845081139846,-0.031101707914598098,1,1,-1,FCL,,1,1,0
2024-08-07,Indicator,CMF_State,Negative,Bullish,Bullish,Neutral,Negative,0.004348956043828123,0.02200845081139846,-0.031101707914598098,1,1,-1,FCL,,0,0,0
2024-08-08,Indicator,EMA_Trend,Bullish,Bullish,Bullish,Neutral,Negative,0.01758302695622027,-0.03529715816907675,-0.07807374610431361,1,-1,-1,FCL,,1,0,0
2024-08-08,Indicator,MACD_Trend,Bullish,Bullish,Bullish,Neutral,Negative,0.01758302695622027,-0.03529715816907675,-0.07807374610431361,1,-1,-1,FCL,,1,0,0
2024-08-08,Indicator,CMF_State,Negative,Bullish,Bullish,Neutral,Negative,0.01758302695622027,-0.03529715816907675,-0.07807374610431361,1,-1,-1,FCL,,0,0,0
2024-08-09,Indicator,EMA_Trend,Bullish,Bullish,Bullish,Neutral,Negative,-0.05196645750221629,-0.09400389995365888,-0.09297224446929397,-1,-1,-1,FCL,,0,0,0
2024-08-09,Indicator,MACD_Trend,Bullish,Bullish,Bullish,Neutral,Negative,-0.05196645750221629,-0.09400389995365888,-0.09297224446929397,-1,-1,-1,FCL,,0,0,0
2024-08-09,Indicator,CMF_State,Negative,Bullish,Bullish,Neutral,Negative,-0.05196645750221629,-0.09400389995365888,-0.09297224446929397,-1,-1,-1,FCL,,0,0,0
2024-08-12,Indicator,EMA_Trend,Bullish,Bullish,Bullish,Neutral,Negative,-0.04434172480932119,-0.043253519130810214,-0.03278024513186106,-1,-1,-1,FCL,,0,0,0
2024-08-12,Indicator,MACD_Trend,Bullish,Bullish,Bullish,Neutral,Negative,-0.04434172480932119,-0.043253519130810214,-0.03278024513186106,-1,-1,-1,FCL,,0,0,0
2024-08-12,Indicator,CMF_State,Negative,Bullish,Bullish,Neutral,Negative,-0.04434172480932119,-0.043253519130810214,-0.03278024513186106,-1,-1,-1,FCL,,0,0,0
2024-08-13,Indicator,EMA_Trend,Bearish,Bearish,Bearish,Neutral,Negative,0.0011386974892189095,0.012097922424365803,0.04796472157421716,1,1,1,FCL,,0,0,0
2024-08-13,Indicator,MACD_Trend,Bearish,Bearish,Bearish,Neutral,Negative,0.0011386974892189095,0.012097922424365803,0.04796472157421716,1,1,1,FCL,,0,0,0
2024-08-13,Indicator,CMF_State,Negative,Bearish,Bearish,Neutral,Negative,0.0011386974892189095,0.012097922424365803,0.04796472157421716,1,1,1,FCL,,0,0,0
2024-08-14,Candlestick,CDL_HARAMI,Bullish,Bearish,Bearish,Neutral,Negative,0.010946759887148216,0.046772764056003835,0.04122831815958117,1,1,1,FCL,,1,1,1
2024-08-14,Indicator,EMA_Trend,Bearish,Bearish,Bearish,Neutral,Negative,0.010946759887148216,0.046772764056003835,0.04122831815958117,1,1,1,FCL,,0,0,0
2024-08-14,Indicator,MACD_Trend,Bearish,Bearish,Bearish,Neutral,Negative,0.010946759887148216,0.046772764056003835,0.04122831815958117,1,1,1,FCL,,0,0,0
2024-08-14,Indicator,CMF_State,Negative,Bearish,Bearish,Neutral,Negative,0.010946759887148216,0.046772764056003835,0.04122831815958117,1,1,1,FCL,,0,0,0
2024-08-16,Indicator,EMA_Trend,Bearish,Bearish,Bearish,Neutral,Negative,0.035438072102683904,0.029953662718908314,0.03065679872954874,1,1,1,FCL,,0,0,0
2024-08-16,Indicator,MACD_Trend,Bearish,Bearish,Bearish,Neutral,Negative,0.035438072102683904,0.029953662718908314,0.03065679872954874,1,1,1,FCL,,0,0,0
2024-08-16,Indicator,CMF_State,Negative,Bearish,Bearish,Neutral,Negative,0.035438072102683904,0.029953662718908314,0.03065679872954874,1,1,1,FCL,,0,0,0
2024-08-19,Indicator,EMA_Trend,Bearish,Bearish,Bearish,Neutral,Negative,-0.005296704391638207,-0.004617633349550121,0.008963787492211273,-1,-1,1,FCL,,1,1,0
2024-08-19,Indicator,MACD_Trend,Bearish,Bearish,Bearish,Neutral,Negative,-0.005296704391638207,-0.004617633349550121,0.008963787492211273,-1,-1,1,FCL,,1,1,0
2024-08-19,Indicator,CMF_State,Negative,Bearish,Bearish,Neutral,Negative,-0.005296704391638207,-0.004617633349550121,0.008963787492211273,-1,-1,1,FCL,,0,0,0
2024-08-20,Indicator,EMA_Trend,Bearish,Bearish,Bearish,Neutral,Negative,0.0006826870334966095,0.01433642770342658,0.016657496948659034,1,1,1,FCL,,0,0,0
2024-08-20,Indicator,MACD_Trend,Bearish,Bearish,Bearish,Neutral,Negative,0.0006826870334966095,0.01433642770342658,0.016657496948659034,1,1,1,FCL,,0,0,0
2024-08-20,Indicator,CMF_State,Negative,Bearish,Bearish,Neutral,Negative,0.0006826870334966095,0.01433642770342658,0.016657496948659034,1,1,1,FCL,,0,0,0
2024-08-21,Indicator,EMA_Trend,Bearish,Bearish,Bearish,Neutral,Negative,0.013644425797358695,0.015963911559736754,0.011324856756014245,1,1,1,FCL,,0,0,0
2024-08-21,Indicator,MACD_Trend,Bearish,Bearish,Bearish,Neutral,Negative,0.013644425797358695,0.015963911559736754,0.011324856756014245,1,1,1,FCL,,0,0,0
2024-08-21,Indicator,CMF_State,Negative,Bearish,Bearish,Neutral,Negative,0.013644425797358695,0.015963911559736754,0.011324856756014245,1,1,1,FCL,,0,0,0
2024-08-22,Indicator,EMA_Trend,Bearish,Bearish,Bearish,Neutral,Negative,0.0022882637178747167,-0.002288345875842701,0.010230145828749482,1,-1,1,FCL,,0,1,0
2024-08-22,Indicator,MACD_Trend,Bearish,Bearish,Bearish,Neutral,Negative,0.0022882637178747167,-0.002288345875842701,0.010230145828749482,1,-1,1,FCL,,0,1,0
2024-08-22,Indicator,CMF_State,Negative,Bearish,Bearish,Neutral,Negative,0.0022882637178747167,-0.002288345875842701,0.010230145828749482,1,-1,1,FCL,,0,0,0
2024-08-23,Indicator,EMA_Trend,Bearish,Bearish,Bullish,Neutral,Negative,-0.004566161013141112,0.00792375048014149,0.007117981469116019,-1,1,1,FCL,,1,0,0
2024-08-23,Indicator,MACD_Trend,Bullish,Bearish,Bullish,Neutral,Negative,-0.004566161013141112,0.00792375048014149,0.007117981469116019,-1,1,1,FCL,,0,1,1
2024-08-23,Indicator,CMF_State,Negative,Bearish,Bullish,Neutral,Negative,-0.004566161013141112,0.00792375048014149,0.007117981469116019,-1,1,1,FCL,,0,0,0
2024-08-26,Indicator,EMA_Trend,Bearish,Bearish,Bullish,Neutral,Negative,0.012547204047226979,0.011737738887949822,-0.007150550061632011,1,1,-1,FCL,,0,0,1
2024-08-26,Indicator,MACD_Trend,Bullish,Bearish,Bullish,Neutral,Negative,0.012547204047226979,0.011737738887949822,-0.007150550061632011,1,1,-1,FCL,,1,1,0
2024-08-26,Indicator,CMF_State,Negative,Bearish,Bullish,Neutral,Negative,0.012547204047226979,0.011737738887949822,-0.007150550061632011,1,1,-1,FCL,,0,0,0
2024-08-27,Indicator,EMA_Trend,Bearish,Bearish,Bullish,Neutral,Negative,-0.000799434491588813,-0.019453665004580123,-0.012391722575574637,-1,-1,-1,FCL,,1,1,1
2024-08-27,Indicator,MACD_Trend,Bullish,Bearish,Bullish,Neutral,Negative,-0.000799434491588813,-0.019453665004580123,-0.012391722575574637,-1,-1,-1,FCL,,0,0,0
2024-08-27,Indicator,CMF_State,Negative,Bearish,Bullish,Neutral,Negative,-0.000799434491588813,-0.019453665004580123,-0.012391722575574637,-1,-1,-1,FCL,,0,0,0
2024-08-28,Indicator,EMA_Trend,Bearish,Bearish,Bullish,Neutral,Negative,-0.01866915527965074,-0.01160156277342328,-0.02800373291947611,-1,-1,-1,FCL,,1,1,1
2024-08-28,Indicator,MACD_Trend,Bullish,Bearish,Bullish,Neutral,Negative,-0.01866915527965074,-0.01160156277342328,-0.02800373291947611,-1,-1,-1,FCL,,0,0,0
2024-08-28,Indicator,CMF_State,Negative,Bearish,Bullish,Neutral,Negative,-0.01866915527965074,-0.01160156277342328,-0.02800373291947611,-1,-1,-1,FCL,,0,0,0
2024-08-29,Indicator,EMA_Trend,Bearish,Bearish,Bullish,Neutral,Negative,0.007202048671201666,-0.009512161662956209,-0.01562712273199951,1,-1,-1,FCL,,0,1,1
2024-08-29,Indicator,MACD_Trend,Bullish,Bearish,Bullish,Neutral,Negative,0.007202048671201666,-0.009512161662956209,-0.01562712273199951,1,-1,-1,FCL,,1,0,0
2024-08-29,Indicator,CMF_State,Negative,Bearish,Bullish,Neutral,Negative,0.007202048671201666,-0.009512161662956209,-0.01562712273199951,1,-1,-1,FCL,,0,0,0
2024-08-30,Candlestick,CDL_HARAMI,Bullish,Bearish,Bullish,Neutral,Negative,-0.016594694536422927,-0.022665930270217127,-0.029546713509693512,-1,-1,-1,FCL,,0,0,0
2024-08-30,Candlestick,CDL_HARAMI_CROSS,Bullish,Bearish,Bullish,Neutral,Negative,-0.016594694536422927,-0.022665930270217127,-0.029546713509693512,-1,-1,-1,FCL,,0,0,0
2024-08-30,Indicator,EMA_Trend,Bearish,Bearish,Bullish,Neutral,Negative,-0.016594694536422927,-0.022665930270217127,-0.029546713509693512,-1,-1,-1,FCL,,1,1,1
2024-08-30,Indicator,MACD_Trend,Bullish,Bearish,Bullish,Neutral,Negative,-0.016594694536422927,-0.022665930270217127,-0.029546713509693512,-1,-1,-1,FCL,,0,0,0
2024-08-30,Indicator,CMF_State,Negative,Bearish,Bullish,Neutral,Negative,-0.016594694536422927,-0.022665930270217127,-0.029546713509693512,-1,-1,-1,FCL,,0,0,0
2024-09-02,Indicator,EMA_Trend,Bearish,Bearish,Bullish,Neutral,Negative,-0.006173686169948178,-0.013170580737476345,-0.002606700988369348,-1,-1,-1,FCL,,1,1,1
2024-09-02,Indicator,MACD_Trend,Bullish,Bearish,Bullish,Neutral,Negative,-0.006173686169948178,-0.013170580737476345,-0.002606700988369348,-1,-1,-1,FCL,,0,0,0
2024-09-02,Indicator,CMF_State,Negative,Bearish,Bullish,Neutral,Negative,-0.006173686169948178,-0.013170580737476345,-0.002606700988369348,-1,-1,-1,FCL,,0,0,0
2024-09-03,Indicator,EMA_Trend,Bearish,Bearish,Bearish,Neutral,Negative,-0.0070403595378383255,0.0035891434267143474,0.011871859878654245,-1,1,1,FCL,,1,0,0
2024-09-03,Indicator,MACD_Trend,Bearish,Bearish,Bearish,Neutral,Negative,-0.0070403595378383255,0.0035891434267143474,0.011871859878654245,-1,1,1,FCL,,1,0,0
2024-09-03,Indicator,CMF_State,Negative,Bearish,Bearish,Neutral,Negative,-0.0070403595378383255,0.0035891434267143474,0.011871859878654245,-1,1,1,FCL,,0,0,0
2024-09-04,Candlestick,CDL_INVERTED_HAMMER,Bullish,Bearish,Bearish,Neutral,Negative,0.010704869091764158,0.019046312302975377,0.013068294972316874,1,1,1,FCL,,1,1,1
2024-09-04,Indicator,EMA_Trend,Bearish,Bearish,Bearish,Neutral,Negative,0.010704869091764158,0.019046312302975377,0.013068294972316874,1,1,1,FCL,,0,0,0
2024-09-04,Indicator,MACD_Trend,Bearish,Bearish,Bearish,Neutral,Negative,0.010704869091764158,0.019046312302975377,0.013068294972316874,1,1,1,FCL,,0,0,0
2024-09-04,Indicator,CMF_State,Negative,Bearish,Bearish,Neutral,Negative,0.010704869091764158,0.019046312302975377,0.013068294972316874,1,1,1,FCL,,0,0,0
2024-09-05,Indicator,EMA_Trend,Bearish,Bearish,Bearish,Neutral,Negative,0.008253094910591452,0.0023383936822989337,0.03232462173314987,1,1,1,FCL,,0,0,0
2024-09-05,Indicator,MACD_Trend,Bearish,Bearish,Bearish,Neutral,Negative,0.008253094910591452,0.0023383936822989337,0.03232462173314987,1,1,1,FCL,,0,0,0
2024-09-05,Indicator,CMF_State,Negative,Bearish,Bearish,Neutral,Negative,0.008253094910591452,0.0023383936822989337,0.03232462173314987,1,1,1,FCL,,0,0,0
2024-09-06,Indicator,EMA_Trend,Bearish,Bearish,Bearish,Neutral,Negative,-0.00586628621141716,0.023874488403820004,0.11800818553888126,-1,1,1,FCL,,1,0,0
2024-09-06,Indicator,MACD_Trend,Bearish,Bearish,Bearish,Neutral,Negative,-0.00586628621141716,0.023874488403820004,0.11800818553888126,-1,1,1,FCL,,1,0,0
2024-09-06,Indicator,CMF_State,Negative,Bearish,Bearish,Neutral,Negative,-0.00586628621141716,0.023874488403820004,0.11800818553888126,-1,1,1,FCL,,0,0,0
2024-09-09,Indicator,EMA_Trend,Bearish,Bearish,Bearish,Neutral,Negative,0.029916272029339774,0.12460544294209708,0.11019622128146023,1,1,1,FCL,,0,0,0
2024-09-09,Indicator,MACD_Trend,Bearish,Bearish,Bearish,Neutral,Negative,0.029916272029339774,0.12460544294209708,0.11019622128146023,1,1,1,FCL,,0,0,0
2024-09-09,Indicator,CMF_State,Negative,Bearish,Bearish,Neutral,Negative,0.029916272029339774,0.12460544294209708,0.11019622128146023,1,1,1,FCL,,0,0,0
2024-09-10,Candlestick,CDL_MORNING_STAR,Bullish,Bearish,Bullish,Neutral,Negative,0.09193870752831446,0.07794803464357103,0.06662225183211201,1,1,1,FCL,,1,1,1
2024-09-10,Indicator,EMA_Trend,Bearish,Bearish,Bullish,Neutral,Negative,0.09193870752831446,0.07794803464357103,0.06662225183211201,1,1,1,FCL,,0,0,0
2024-09-10,Indicator,MACD_Trend,Bullish,Bearish,Bullish,Neutral,Negative,0.09193870752831446,0.07794803464357103,0.06662225183211201,1,1,1,FCL,,1,1,1
2024-09-10,Indicator,CMF_State,Negative,Bearish,Bullish,Neutral,Negative,0.09193870752831446,0.07794803464357103,0.06662225183211201,1,1,1,FCL,,0,0,0
2024-09-11,Indicator,EMA_Trend,Bullish,Bullish,Bullish,Overbought,Positive,-0.01281269066503965,-0.023184868822452742,-0.004514963034815467,-1,-1,-1,FCL,,0,0,0
2024-09-11,Indicator,MACD_Trend,Bullish,Bullish,Bullish,Overbought,Positive,-0.01281269066503965,-0.023184868822452742,-0.004514963034815467,-1,-1,-1,FCL,,0,0,0
2024-09-11,Indicator,RSI_State,Overbought,Bullish,Bullish,Overbought,Positive,-0.01281269066503965,-0.023184868822452742,-0.004514963034815467,-1,-1,-1,FCL,,0,0,0
2024-09-11,Indicator,CMF_State,Positive,Bullish,Bullish,Overbought,Positive,-0.01281269066503965,-0.023184868822452742,-0.004514963034815467,-1,-1,-1,FCL,,0,0,0
2024-09-12,Indicator,EMA_Trend,Bullish,Bullish,Bullish,Neutral,Positive,-0.010506798516687232,0.008405423724312522,0.009270704573547617,-1,1,1,FCL,,0,1,1
2024-09-12,Indicator,MACD_Trend,Bullish,Bullish,Bullish,Neutral,Positive,-0.010506798516687232,0.008405423724312522,0.009270704573547617,-1,1,1,FCL,,0,1,1
2024-09-12,Indicator,CMF_State,Positive,Bullish,Bullish,Neutral,Positive,-0.010506798516687232,0.008405423724312522,0.009270704573547617,-1,1,1,FCL,,0,0,0
2024-09-13,Indicator,EMA_Trend,Bullish,Bullish,Bullish,Neutral,Positive,0.01911303909177864,0.019987507807620153,-0.031105589524125454,1,1,-1,FCL,,1,1,0
2024-09-13,Indicator,MACD_Trend,Bullish,Bullish,Bullish,Neutral,Positive,0.01911303909177864,0.019987507807620153,-0.031105589524125454,1,1,-1,FCL,,1,1,0
2024-09-13,Indicator,CMF_State,Positive,Bullish,Bullish,Neutral,Positive,0.01911303909177864,0.019987507807620153,-0.031105589524125454,1,1,-1,FCL,,0,0,0
2024-09-16,Candlestick,CDL_BULLISH_ENGULFING,Bullish,Bullish,Bullish,Neutral,Positive,0.000858068420575675,-0.04927679922598005,-0.04780583547875372,1,-1,-1,FCL,,1,0,0
2024-09-16,Indicator,EMA_Trend,Bullish,Bullish,Bullish,Neutral,Positive,0.000858068420575675,-0.04927679922598005,-0.04780583547875372,1,-1,-1,FCL,,1,0,0
2024-09-16,Indicator,MACD_Trend,Bullish,Bullish,Bullish,Neutral,Positive,0.000858068420575675,-0.04927679922598005,-0.04780583547875372,1,-1,-1,FCL,,1,0,0
2024-09-16,Indicator,CMF_State,Positive,Bullish,Bullish,Neutral,Positive,0.000858068420575675,-0.04927679922598005,-0.04780583547875372,1,-1,-1,FCL,,0,0,0
2024-09-17,Candlestick,CDL_THREE_OUTSIDE_UP,Bullish,Bullish,Bullish,Neutral,Positive,-0.050091885381582824,-0.04862218273978103,-0.05388854868340476,-1,-1,-1,FCL,,0,0,0
2024-09-17,Indicator,EMA_Trend,Bullish,Bullish,Bullish,Neutral,Positive,-0.050091885381582824,-0.04862218273978103,-0.05388854868340476,-1,-1,-1,FCL,,0,0,0
2024-09-17,Indicator,MACD_Trend,Bullish,Bullish,Bullish,Neutral,Positive,-0.050091885381582824,-0.04862218273978103,-0.05388854868340476,-1,-1,-1,FCL,,0,0,0
2024-09-17,Indicator,CMF_State,Positive,Bullish,Bullish,Neutral,Positive,-0.050091885381582824,-0.04862218273978103,-0.05388854868340476,-1,-1,-1,FCL,,0,0,0
2024-09-18,Candlestick,CDL_EVENING_STAR,Bearish,Bullish,Bullish,Neutral,Negative,0.001547205060346446,-0.003996874269620365,-0.01843732367599127,1,-1,-1,FCL,,0,1,1
2024-09-18,Indicator,EMA_Trend,Bullish,Bullish,Bullish,Neutral,Negative,0.001547205060346446,-0.003996874269620365,-0.01843732367599127,1,-1,-1,FCL,,1,0,0
2024-09-18,Indicator,MACD_Trend,Bullish,Bullish,Bullish,Neutral,Negative,0.001547205060346446,-0.003996874269620365,-0.01843732367599127,1,-1,-1,FCL,,1,0,0
2024-09-18,Indicator,CMF_State,Negative,Bullish,Bullish,Neutral,Negative,0.001547205060346446,-0.003996874269620365,-0.01843732367599127,1,-1,-1,FCL,,0,0,0
2024-09-19,Candlestick,CDL_HARAMI,Bullish,Bullish,Bullish,Neutral,Positive,-0.0055355147535285365,-0.019953656338278725,0.0359166128379218,-1,-1,1,FCL,,0,0,1
2024-09-19,Candlestick,CDL_HAMMER,Bullish,Bullish,Bullish,Neutral,Positive,-0.0055355147535285365,-0.019953656338278725,0.0359166128379218,-1,-1,1,FCL,,0,0,1
2024-09-19,Indicator,EMA_Trend,Bullish,Bullish,Bullish,Neutral,Positive,-0.0055355147535285365,-0.019953656338278725,0.0359166128379218,-1,-1,1,FCL,,0,0,1
2024-09-19,Indicator,MACD_Trend,Bullish,Bullish,Bullish,Neutral,Positive,-0.0055355147535285365,-0.019953656338278725,0.0359166128379218,-1,-1,1,FCL,,0,0,1
2024-09-19,Indicator,CMF_State,Positive,Bullish,Bullish,Neutral,Positive,-0.0055355147535285365,-0.019953656338278725,0.0359166128379218,-1,-1,1,FCL,,0,0,0
2024-09-20,Indicator,EMA_Trend,Bullish,Bullish,Bullish,Neutral,Positive,-0.014498397679004849,0.041682863698422334,0.05255660270024287,-1,1,1,FCL,,0,1,1
2024-09-20,Indicator,MACD_Trend,Bullish,Bullish,Bullish,Neutral,Positive,-0.014498397679004849,0.041682863698422334,0.05255660270024287,-1,1,1,FCL,,0,1,1
2024-09-20,Indicator,CMF_State,Positive,Bullish,Bullish,Neutral,Positive,-0.014498397679004849,0.041682863698422334,0.05255660270024287,-1,1,1,FCL,,0,0,0
2024-09-23,Indicator,EMA_Trend,Bullish,Bullish,Bearish,Neutral,Positive,0.057007782884484826,0.06804149300348539,0.0901090735860477,1,1,1,FCL,,1,1,1
2024-09-23,Indicator,MACD_Trend,Bearish,Bullish,Bearish,Neutral,Positive,0.057007782884484826,0.06804149300348539,0.0901090735860477,1,1,1,FCL,,0,0,0
2024-09-23,Indicator,CMF_State,Positive,Bullish,Bearish,Neutral,Positive,0.057007782884484826,0.06804149300348539,0.0901090735860477,1,1,1,FCL,,0,0,0
2024-09-24,Indicator,EMA_Trend,Bullish,Bullish,Bullish,Neutral,Positive,0.010438627129963685,0.031316033086560946,0.01391824535495334,1,1,1,FCL,,1,1,1
2024-09-24,Indicator,MACD_Trend,Bullish,Bullish,Bullish,Neutral,Positive,0.010438627129963685,0.031316033086560946,0.01391824535495334,1,1,1,FCL,,1,1,1
2024-09-24,Indicator,CMF_State,Positive,Bullish,Bullish,Neutral,Positive,0.010438627129963685,0.031316033086560946,0.01391824535495334,1,1,1,FCL,,0,0,0
2024-09-25,Indicator,EMA_Trend,Bullish,Bullish,Bullish,Neutral,Positive,0.020661725904023598,0.0034436710271787963,-0.0029516215114591127,1,1,-1,FCL,,1,1,0
2024-09-25,Indicator,MACD_Trend,Bullish,Bullish,Bullish,Neutral,Positive,0.020661725904023598,0.0034436710271787963,-0.0029516215114591127,1,1,-1,FCL,,1,1,0
2024-09-25,Indicator,CMF_State,Positive,Bullish,Bullish,Neutral,Positive,0.020661725904023598,0.0034436710271787963,-0.0029516215114591127,1,1,-1,FCL,,0,0,0
2024-09-26,Indicator,EMA_Trend,Bullish,Bullish,Bullish,Neutral,Positive,-0.016869501853412405,-0.023135331536575432,0.018194933295246685,-1,-1,1,FCL,,0,0,1
2024-09-26,Indicator,MACD_Trend,Bullish,Bullish,Bullish,Neutral,Positive,-0.016869501853412405,-0.023135331536575432,0.018194933295246685,-1,-1,1,FCL,,0,0,1
2024-09-26,Indicator,CMF_State,Positive,Bullish,Bullish,Neutral,Positive,-0.016869501853412405,-0.023135331536575432,0.018194933295246685,-1,-1,1,FCL,,0,0,0
2024-09-27,Candlestick,CDL_HARAMI,Bearish,Bullish,Bullish,Neutral,Positive,-0.006373344835680972,0.03566610456573471,0.015320504505410337,-1,1,1,FCL,,1,0,0
2024-09-27,Indicator,EMA_Trend,Bullish,Bullish,Bullish,Neutral,Positive,-0.006373344835680972,0.03566610456573471,0.015320504505410337,-1,1,1,FCL,,0,1,1
2024-09-27,Indicator,MACD_Trend,Bullish,Bullish,Bullish,Neutral,Positive,-0.006373344835680972,0.03566610456573471,0.015320504505410337,-1,1,1,FCL,,0,1,1
2024-09-27,Indicator,CMF_State,Positive,Bullish,Bullish,Neutral,Positive,-0.006373344835680972,0.03566610456573471,0.015320504505410337,-1,1,1,FCL,,0,0,0
2024-09-30,Indicator,EMA_Trend,Bullish,Bullish,Bullish,Neutral,Positive,0.0423090998846678,0.021832998569773387,-0.002960434658843436,1,1,-1,FCL,,1,1,0
2024-09-30,Indicator,MACD_Trend,Bullish,Bullish,Bullish,Neutral,Positive,0.0423090998846678,0.021832998569773387,-0.002960434658843436,1,1,-1,FCL,,1,1,0
2024-09-30,Indicator,CMF_State,Positive,Bullish,Bullish,Neutral,Positive,0.0423090998846678,0.021832998569773387,-0.002960434658843436,1,1,-1,FCL,,0,0,0
2024-10-01,Indicator,EMA_Trend,Bullish,Bullish,Bullish,Neutral,Positive,-0.019644941521819392,-0.04343196710891273,-0.09076924521542162,-1,-1,-1,FCL,,0,0,0
2024-10-01,Indicator,MACD_Trend,Bullish,Bullish,Bullish,Neutral,Positive,-0.019644941521819392,-0.04343196710891273,-0.09076924521542162,-1,-1,-1,FCL,,0,0,0
2024-10-01,Indicator,CMF_State,Positive,Bullish,Bullish,Neutral,Positive,-0.019644941521819392,-0.04343196710891273,-0.09076924521542162,-1,-1,-1,FCL,,0,0,0
2024-10-03,Candlestick,CDL_HARAMI,Bearish,Bullish,Bullish,Neutral,Positive,-0.024263684245194095,-0.07254953506743722,-0.03693872008603283,-1,-1,-1,FCL,,1,1,1
2024-10-03,Indicator,EMA_Trend,Bullish,Bullish,Bullish,Neutral,Positive,-0.024263684245194095,-0.07254953506743722,-0.03693872008603283,-1,-1,-1,FCL,,0,0,0
2024-10-03,Indicator,MACD_Trend,Bullish,Bullish,Bullish,Neutral,Positive,-0.024263684245194095,-0.07254953506743722,-0.03693872008603283,-1,-1,-1,FCL,,0,0,0
2024-10-03,Indicator,CMF_State,Positive,Bullish,Bullish,Neutral,Positive,-0.024263684245194095,-0.07254953506743722,-0.03693872008603283,-1,-1,-1,FCL,,0,0,0
2024-10-04,Candlestick,CDL_THREE_INSIDE_UP,Bearish,Bullish,Bullish,Neutral,Negative,-0.049486577513403684,-0.01299022659726845,0.008783912814944062,-1,-1,1,FCL,,1,1,0
2024-10-04,Indicator,EMA_Trend,Bullish,Bullish,Bullish,Neutral,Negative,-0.049486577513403684,-0.01299022659726845,0.008783912814944062,-1,-1,1,FCL,,0,0,1
2024-10-04,Indicator,MACD_Trend,Bullish,Bullish,Bullish,Neutral,Negative,-0.049486577513403684,-0.01299022659726845,0.008783912814944062,-1,-1,1,FCL,,0,0,1
2024-10-04,Indicator,CMF_State,Negative,Bullish,Bullish,Neutral,Negative,-0.049486577513403684,-0.01299022659726845,0.008783912814944062,-1,-1,1,FCL,,0,0,0
2024-10-07,Indicator,EMA_Trend,Bullish,Bullish,Bearish,Neutral,Negative,0.03839646032631361,0.06130422669456781,0.04112981533667415,1,1,1,FCL,,1,1,1
2024-10-07,Indicator,MACD_Trend,Bearish,Bullish,Bearish,Neutral,Negative,0.03839646032631361,0.06130422669456781,0.04112981533667415,1,1,1,FCL,,0,0,0
2024-10-07,Indicator,CMF_State,Negative,Bullish,Bearish,Neutral,Negative,0.03839646032631361,0.06130422669456781,0.04112981533667415,1,1,1,FCL,,0,0,0
2024-10-08,Candlestick,CDL_PIERCING,Bullish,Bullish,Bearish,Neutral,Negative,0.02206071307394053,0.0026322845991806343,0.0007521141016231248,1,1,1,FCL,,1,1,1
2024-10-08,Indicator,EMA_Trend,Bullish,Bullish,Bearish,Neutral,Negative,0.02206071307394053,0.0026322845991806343,0.0007521141016231248,1,1,1,FCL,,1,1,1
2024-10-08,Indicator,MACD_Trend,Bearish,Bullish,Bearish,Neutral,Negative,0.02206071307394053,0.0026322845991806343,0.0007521141016231248,1,1,1,FCL,,0,0,0
2024-10-08,Indicator,CMF_State,Negative,Bullish,Bearish,Neutral,Negative,0.02206071307394053,0.0026322845991806343,0.0007521141016231248,1,1,1,FCL,,0,0,0
2024-10-09,Indicator,EMA_Trend,Bullish,Bullish,Bearish,Neutral,Negative,-0.019009074731311304,-0.020848662608535018,-0.03151828726703698,-1,-1,-1,FCL,,0,0,0
2024-10-09,Indicator,MACD_Trend,Bearish,Bullish,Bearish,Neutral,Negative,-0.019009074731311304,-0.020848662608535018,-0.03151828726703698,-1,-1,-1,FCL,,1,1,1
2024-10-09,Indicator,CMF_State,Negative,Bullish,Bearish,Neutral,Negative,-0.019009074731311304,-0.020848662608535018,-0.03151828726703698,-1,-1,-1,FCL,,0,0,0
2024-10-10,Candlestick,CDL_BULLISH_ENGULFING,Bearish,Bullish,Bearish,Neutral,Negative,-0.001875234347065824,-0.012751608820743554,-0.01050134286496085,-1,-1,-1,FCL,,1,1,1
2024-10-10,Indicator,EMA_Trend,Bullish,Bullish,Bearish,Neutral,Negative,-0.001875234347065824,-0.012751608820743554,-0.01050134286496085,-1,-1,-1,FCL,,0,0,0
2024-10-10,Indicator,MACD_Trend,Bearish,Bullish,Bearish,Neutral,Negative,-0.001875234347065824,-0.012751608820743554,-0.01050134286496085,-1,-1,-1,FCL,,1,1,1
2024-10-10,Indicator,CMF_State,Negative,Bullish,Bearish,Neutral,Negative,-0.001875234347065824,-0.012751608820743554,-0.01050134286496085,-1,-1,-1,FCL,,0,0,0
2024-10-11,Candlestick,CDL_THREE_OUTSIDE_UP,Bearish,Bullish,Bearish,Neutral,Negative,-0.010896808543331638,-0.008642314883602897,0.02780554921471512,-1,-1,1,FCL,,1,1,0
2024-10-11,Indicator,EMA_Trend,Bullish,Bullish,Bearish,Neutral,Negative,-0.010896808543331638,-0.008642314883602897,0.02780554921471512,-1,-1,1,FCL,,0,0,1
2024-10-11,Indicator,MACD_Trend,Bearish,Bullish,Bearish,Neutral,Negative,-0.010896808543331638,-0.008642314883602897,0.02780554921471512,-1,-1,1,FCL,,1,1,0
2024-10-11,Indicator,CMF_State,Negative,Bullish,Bearish,Neutral,Negative,-0.010896808543331638,-0.008642314883602897,0.02780554921471512,-1,-1,1,FCL,,0,0,0
2024-10-14,Indicator,EMA_Trend,Bullish,Bullish,Bearish,Neutral,Negative,0.0022793310942699208,0.03912873610391365,0.0030390823626798014,1,1,1,FCL,,1,1,1
2024-10-14,Indicator,MACD_Trend,Bearish,Bullish,Bearish,Neutral,Negative,0.0022793310942699208,0.03912873610391365,0.0030390823626798014,1,1,1,FCL,,0,0,0
2024-10-14,Indicator,CMF_State,Negative,Bullish,Bearish,Neutral,Negative,0.0022793310942699208,0.03912873610391365,0.0030390823626798014,1,1,1,FCL,,0,0,0
2024-10-15,Indicator,EMA_Trend,Bullish,Bullish,Bearish,Neutral,Negative,0.03676560402518958,0.0007580234819173359,0.0021478360164639554,1,1,1,FCL,,1,1,1
2024-10-15,Indicator,MACD_Trend,Bearish,Bullish,Bearish,Neutral,Negative,0.03676560402518958,0.0007580234819173359,0.0021478360164639554,1,1,1,FCL,,0,0,0
2024-10-15,Indicator,CMF_State,Negative,Bullish,Bearish,Neutral,Negative,0.03676560402518958,0.0007580234819173359,0.0021478360164639554,1,1,1,FCL,,0,0,0
2024-10-16,Candlestick,CDL_BULLISH_ENGULFING,Bullish,Bullish,Bearish,Neutral,Negative,-0.03473068589802231,-0.033390158657196856,-0.018644879658988645,-1,-1,-1,FCL,,0,0,0
2024-10-16,Indicator,EMA_Trend,Bullish,Bullish,Bearish,Neutral,Negative,-0.03473068589802231,-0.033390158657196856,-0.018644879658988645,-1,-1,-1,FCL,,0,0,0
2024-10-16,Indicator,MACD_Trend,Bearish,Bullish,Bearish,Neutral,Negative,-0.03473068589802231,-0.033390158657196856,-0.018644879658988645,-1,-1,-1,FCL,,1,1,1
2024-10-16,Indicator,CMF_State,Negative,Bullish,Bearish,Neutral,Negative,-0.03473068589802231,-0.033390158657196856,-0.018644879658988645,-1,-1,-1,FCL,,0,0,0
2024-10-17,Indicator,EMA_Trend,Bullish,Bullish,Bearish,Neutral,Negative,0.001388759821990826,0.01666457847983982,-0.04002013905937274,1,1,-1,FCL,,1,1,0
2024-10-17,Indicator,MACD_Trend,Bearish,Bullish,Bearish,Neutral,Negative,0.001388759821990826,0.01666457847983982,-0.04002013905937274,1,1,-1,FCL,,0,0,1
2024-10-17,Indicator,CMF_State,Negative,Bullish,Bearish,Neutral,Negative,0.001388759821990826,0.01666457847983982,-0.04002013905937274,1,1,-1,FCL,,0,0,0
2024-10-18,Indicator,EMA_Trend,Bullish,Bullish,Bearish,Neutral,Negative,0.015254633635556791,-0.04135147161899888,-0.037821482020060526,1,-1,-1,FCL,,1,0,0
2024-10-18,Indicator,MACD_Trend,Bearish,Bullish,Bearish,Neutral,Negative,0.015254633635556791,-0.04135147161899888,-0.037821482020060526,1,-1,-1,FCL,,0,1,1
2024-10-18,Indicator,CMF_State,Negative,Bullish,Bearish,Neutral,Negative,0.015254633635556791,-0.04135147161899888,-0.037821482020060526,1,-1,-1,FCL,,0,0,0
2024-10-21,Candlestick,CDL_SHOOTING_STAR,Bearish,Bullish,Bearish,Neutral,Negative,-0.05575557439403478,-0.052278624393523265,-0.061716146728426735,-1,-1,-1,FCL,,1,1,1
2024-10-21,Indicator,EMA_Trend,Bullish,Bullish,Bearish,Neutral,Negative,-0.05575557439403478,-0.052278624393523265,-0.061716146728426735,-1,-1,-1,FCL,,0,0,0
2024-10-21,Indicator,MACD_Trend,Bearish,Bullish,Bearish,Neutral,Negative,-0.05575557439403478,-0.052278624393523265,-0.061716146728426735,-1,-1,-1,FCL,,1,1,1
2024-10-21,Indicator,CMF_State,Negative,Bullish,Bearish,Neutral,Negative,-0.05575557439403478,-0.052278624393523265,-0.061716146728426735,-1,-1,-1,FCL,,0,0,0
2024-10-22,Candlestick,CDL_BULLISH_ENGULFING,Bearish,Bullish,Bearish,Neutral,Negative,0.0036822563165042066,-0.006312531133627619,-0.04550241387453324,1,-1,-1,FCL,,0,1,1
2024-10-22,Indicator,EMA_Trend,Bullish,Bullish,Bearish,Neutral,Negative,0.0036822563165042066,-0.006312531133627619,-0.04550241387453324,1,-1,-1,FCL,,1,0,0
2024-10-22,Indicator,MACD_Trend,Bearish,Bullish,Bearish,Neutral,Negative,0.0036822563165042066,-0.006312531133627619,-0.04550241387453324,1,-1,-1,FCL,,0,1,1
2024-10-22,Indicator,CMF_State,Negative,Bullish,Bearish,Neutral,Negative,0.0036822563165042066,-0.006312531133627619,-0.04550241387453324,1,-1,-1,FCL,,0,0,0
2024-10-23,Indicator,EMA_Trend,Bullish,Bullish,Bearish,Neutral,Negative,-0.009958119103163687,-0.04900422407739313,-0.03537735792472152,-1,-1,-1,FCL,,0,0,0
2024-10-23,Indicator,MACD_Trend,Bearish,Bullish,Bearish,Neutral,Negative,-0.009958119103163687,-0.04900422407739313,-0.03537735792472152,-1,-1,-1,FCL,,1,1,1
2024-10-23,Indicator,CMF_State,Negative,Bullish,Bearish,Neutral,Negative,-0.009958119103163687,-0.04900422407739313,-0.03537735792472152,-1,-1,-1,FCL,,0,0,0
2024-10-24,Candlestick,CDL_BULLISH_ENGULFING,Bearish,Bullish,Bearish,Neutral,Negative,-0.039438841656737944,-0.025674912659787275,-0.03176283850643191,-1,-1,-1,FCL,,1,1,1
2024-10-24,Indicator,EMA_Trend,Bullish,Bullish,Bearish,Neutral,Negative,-0.039438841656737944,-0.025674912659787275,-0.03176283850643191,-1,-1,-1,FCL,,0,0,0
2024-10-24,Indicator,MACD_Trend,Bearish,Bullish,Bearish,Neutral,Negative,-0.039438841656737944,-0.025674912659787275,-0.03176283850643191,-1,-1,-1,FCL,,1,1,1
2024-10-24,Indicator,CMF_State,Negative,Bullish,Bearish,Neutral,Negative,-0.039438841656737944,-0.025674912659787275,-0.03176283850643191,-1,-1,-1,FCL,,0,0,0
2024-10-25,Candlestick,CDL_THREE_OUTSIDE_UP,Bearish,Bullish,Bearish,Neutral,Negative,0.014329050136370425,0.007991165459516836,0.03940484582820347,1,1,1,FCL,,0,0,0
2024-10-25,Indicator,EMA_Trend,Bullish,Bullish,Bearish,Neutral,Negative,0.014329050136370425,0.007991165459516836,0.03940484582820347,1,1,1,FCL,,1,1,1
2024-10-25,Indicator,MACD_Trend,Bearish,Bullish,Bearish,Neutral,Negative,0.014329050136370425,0.007991165459516836,0.03940484582820347,1,1,1,FCL,,0,0,0
2024-10-25,Indicator,CMF_State,Negative,Bullish,Bearish,Neutral,Negative,0.014329050136370425,0.007991165459516836,0.03940484582820347,1,1,1,FCL,,0,0,0
2024-10-28,Candlestick,CDL_HARAMI,Bullish,Bullish,Bearish,Neutral,Negative,-0.0062483517316216375,0.024721559230174606,0.016843199094404904,-1,1,1,FCL,,0,1,1
2024-10-28,Candlestick,CDL_HARAMI_CROSS,Bullish,Bullish,Bearish,Neutral,Negative,-0.0062483517316216375,0.024721559230174606,0.016843199094404904,-1,1,1,FCL,,0,1,1
2024-10-28,Indicator,EMA_Trend,Bullish,Bullish,Bearish,Neutral,Negative,-0.0062483517316216375,0.024721559230174606,0.016843199094404904,-1,1,1,FCL,,0,1,1
2024-10-28,Indicator,MACD_Trend,Bearish,Bullish,Bearish,Neutral,Negative,-0.0062483517316216375,0.024721559230174606,0.016843199094404904,-1,1,1,FCL,,1,0,0
2024-10-28,Indicator,CMF_State,Negative,Bullish,Bearish,Neutral,Negative,-0.0062483517316216375,0.024721559230174606,0.016843199094404904,-1,1,1,FCL,,0,0,0
2024-10-29,Candlestick,CDL_BULLISH_ENGULFING,Bearish,Bearish,Bearish,Neutral,Negative,0.031164638585265747,0.02323674216416527,0.028020777315610923,1,1,1,FCL,,0,0,0
2024-10-29,Indicator,EMA_Trend,Bearish,Bearish,Bearish,Neutral,Negative,0.031164638585265747,0.02323674216416527,0.028020777315610923,1,1,1,FCL,,0,0,0
2024-10-29,Indicator,MACD_Trend,Bearish,Bearish,Bearish,Neutral,Negative,0.031164638585265747,0.02323674216416527,0.028020777315610923,1,1,1,FCL,,0,0,0
2024-10-29,Indicator,CMF_State,Negative,Bearish,Bearish,Neutral,Negative,0.031164638585265747,0.02323674216416527,0.028020777315610923,1,1,1,FCL,,0,0,0
2024-10-30,Indicator,EMA_Trend,Bearish,Bearish,Bearish,Neutral,Negative,-0.007688293531843193,-0.003048845113587384,-0.026776261337903007,-1,-1,-1,FCL,,1,1,1
2024-10-30,Indicator,MACD_Trend,Bearish,Bearish,Bearish,Neutral,Negative,-0.007688293531843193,-0.003048845113587384,-0.026776261337903007,-1,-1,-1,FCL,,1,1,1
2024-10-30,Indicator,CMF_State,Negative,Bearish,Bearish,Neutral,Negative,-0.007688293531843193,-0.003048845113587384,-0.026776261337903007,-1,-1,-1,FCL,,0,0,0
2024-10-31,Candlestick,CDL_HARAMI,Bearish,Bearish,Bearish,Neutral,Negative,0.004675394221407059,-0.019235858734346523,-0.016697836505025432,1,-1,-1,FCL,,0,1,1
2024-10-31,Indicator,EMA_Trend,Bearish,Bearish,Bearish,Neutral,Negative,0.004675394221407059,-0.019235858734346523,-0.016697836505025432,1,-1,-1,FCL,,0,1,1
2024-10-31,Indicator,MACD_Trend,Bearish,Bearish,Bearish,Neutral,Negative,0.004675394221407059,-0.019235858734346523,-0.016697836505025432,1,-1,-1,FCL,,0,1,1
2024-10-31,Indicator,CMF_State,Negative,Bearish,Bearish,Neutral,Negative,0.004675394221407059,-0.019235858734346523,-0.016697836505025432,1,-1,-1,FCL,,0,0,0
2024-11-01,Indicator,EMA_Trend,Bearish,Bearish,Bearish,Neutral,Negative,-0.023799978672996325,-0.02127376747690346,0.007977662803838825,-1,-1,1,FCL,,1,1,0
2024-11-01,Indicator,MACD_Trend,Bearish,Bearish,Bearish,Neutral,Negative,-0.023799978672996325,-0.02127376747690346,0.007977662803838825,-1,-1,1,FCL,,1,1,0
2024-11-01,Indicator,CMF_State,Negative,Bearish,Bearish,Neutral,Negative,-0.023799978672996325,-0.02127376747690346,0.007977662803838825,-1,-1,1,FCL,,0,0,0
2024-11-04,Candlestick,CDL_BULLISH_ENGULFING,Bearish,Bearish,Bearish,Neutral,Negative,0.0025878007999413644,0.03255238760765233,0.029555995432089865,1,1,1,FCL,,0,0,0
2024-11-04,Indicator,EMA_Trend,Bearish,Bearish,Bearish,Neutral,Negative,0.0025878007999413644,0.03255238760765233,0.029555995432089865,1,1,1,FCL,,0,0,0
2024-11-04,Indicator,MACD_Trend,Bearish,Bearish,Bearish,Neutral,Negative,0.0025878007999413644,0.03255238760765233,0.029555995432089865,1,1,1,FCL,,0,0,0
2024-11-04,Indicator,CMF_State,Negative,Bearish,Bearish,Neutral,Negative,0.0025878007999413644,0.03255238760765233,0.029555995432089865,1,1,1,FCL,,0,0,0
2024-11-05,Candlestick,CDL_HAMMER,Bullish,Bearish,Bearish,Neutral,Negative,0.029887244572298632,0.026898586448619533,0.01154734449384276,1,1,1,FCL,,1,1,1
2024-11-05,Indicator,EMA_Trend,Bearish,Bearish,Bearish,Neutral,Negative,0.029887244572298632,0.026898586448619533,0.01154734449384276,1,1,1,FCL,,0,0,0
2024-11-05,Indicator,MACD_Trend,Bearish,Bearish,Bearish,Neutral,Negative,0.029887244572298632,0.026898586448619533,0.01154734449384276,1,1,1,FCL,,0,0,0
2024-11-05,Indicator,CMF_State,Negative,Bearish,Bearish,Neutral,Negative,0.029887244572298632,0.026898586448619533,0.01154734449384276,1,1,1,FCL,,0,0,0
2024-11-06,Indicator,EMA_Trend,Bearish,Bearish,Bearish,Neutral,Negative,-0.0029019275065595984,-0.017807677660938825,-0.02387544673372144,-1,-1,-1,FCL,,1,1,1
2024-11-06,Indicator,MACD_Trend,Bearish,Bearish,Bearish,Neutral,Negative,-0.0029019275065595984,-0.017807677660938825,-0.02387544673372144,-1,-1,-1,FCL,,1,1,1
2024-11-06,Indicator,CMF_State,Negative,Bearish,Bearish,Neutral,Negative,-0.0029019275065595984,-0.017807677660938825,-0.02387544673372144,-1,-1,-1,FCL,,0,0,0
2024-11-07,Candlestick,CDL_HARAMI,Bearish,Bearish,Bearish,Neutral,Negative,-0.014949131450133546,-0.021034559995400937,-0.01468453004707615,-1,-1,-1,FCL,,1,1,1
2024-11-07,Candlestick,CDL_HARAMI_CROSS,Bearish,Bearish,Bearish,Neutral,Negative,-0.014949131450133546,-0.021034559995400937,-0.01468453004707615,-1,-1,-1,FCL,,1,1,1
2024-11-07,Indicator,EMA_Trend,Bearish,Bearish,Bearish,Neutral,Negative,-0.014949131450133546,-0.021034559995400937,-0.01468453004707615,-1,-1,-1,FCL,,1,1,1
2024-11-07,Indicator,MACD_Trend,Bearish,Bearish,Bearish,Neutral,Negative,-0.014949131450133546,-0.021034559995400937,-0.01468453004707615,-1,-1,-1,FCL,,1,1,1
2024-11-07,Indicator,CMF_State,Negative,Bearish,Bearish,Neutral,Negative,-0.014949131450133546,-0.021034559995400937,-0.01468453004707615,-1,-1,-1,FCL,,0,0,0
2024-11-08,Indicator,EMA_Trend,Bearish,Bearish,Bearish,Neutral,Negative,-0.006177781005590077,0.00026861699380753556,-0.0507654969545539,-1,1,-1,FCL,,1,0,1
2024-11-08,Indicator,MACD_Trend,Bearish,Bearish,Bearish,Neutral,Negative,-0.006177781005590077,0.00026861699380753556,-0.0507654969545539,-1,1,-1,FCL,,1,0,1
2024-11-08,Indicator,CMF_State,Negative,Bearish,Bearish,Neutral,Negative,-0.006177781005590077,0.00026861699380753556,-0.0507654969545539,-1,1,-1,FCL,,0,0,0
2024-11-11,Candlestick,CDL_HAMMER,Bullish,Bearish,Bearish,Neutral,Negative,0.006486469990498289,-0.04486488136085309,-0.05945945945945941,1,-1,-1,FCL,,1,0,0
2024-11-11,Indicator,EMA_Trend,Bearish,Bearish,Bearish,Neutral,Negative,0.006486469990498289,-0.04486488136085309,-0.05945945945945941,1,-1,-1,FCL,,0,1,1
2024-11-11,Indicator,MACD_Trend,Bearish,Bearish,Bearish,Neutral,Negative,0.006486469990498289,-0.04486488136085309,-0.05945945945945941,1,-1,-1,FCL,,0,1,1
2024-11-11,Indicator,CMF_State,Negative,Bearish,Bearish,Neutral,Negative,0.006486469990498289,-0.04486488136085309,-0.05945945945945941,1,-1,-1,FCL,,0,0,0
2024-11-12,Indicator,EMA_Trend,Bearish,Bearish,Bearish,Neutral,Negative,-0.051020408999473355,-0.06552092990438341,-0.10660575279302631,-1,-1,-1,FCL,,1,1,1
2024-11-12,Indicator,MACD_Trend,Bearish,Bearish,Bearish,Neutral,Negative,-0.051020408999473355,-0.06552092990438341,-0.10660575279302631,-1,-1,-1,FCL,,1,1,1
2024-11-12,Indicator,CMF_State,Negative,Bearish,Bearish,Neutral,Negative,-0.051020408999473355,-0.06552092990438341,-0.10660575279302631,-1,-1,-1,FCL,,0,0,0
2024-11-13,Candlestick,CDL_BULLISH_ENGULFING,Bearish,Bearish,Bearish,Neutral,Negative,-0.015280118816487831,-0.05857380318890559,-0.05362190723467819,-1,-1,-1,FCL,,1,1,1
2024-11-13,Indicator,EMA_Trend,Bearish,Bearish,Bearish,Neutral,Negative,-0.015280118816487831,-0.05857380318890559,-0.05362190723467819,-1,-1,-1,FCL,,1,1,1
2024-11-13,Indicator,MACD_Trend,Bearish,Bearish,Bearish,Neutral,Negative,-0.015280118816487831,-0.05857380318890559,-0.05362190723467819,-1,-1,-1,FCL,,1,1,1
2024-11-13,Indicator,CMF_State,Negative,Bearish,Bearish,Neutral,Negative,-0.015280118816487831,-0.05857380318890559,-0.05362190723467819,-1,-1,-1,FCL,,0,0,0
2024-11-14,Candlestick,CDL_THREE_OUTSIDE_UP,Bearish,Bearish,Bearish,Neutral,Negative,-0.04396548216370333,-0.03893674653151935,-0.06637932788366563,-1,-1,-1,FCL,,1,1,1
2024-11-14,Indicator,EMA_Trend,Bearish,Bearish,Bearish,Neutral,Negative,-0.04396548216370333,-0.03893674653151935,-0.06637932788366563,-1,-1,-1,FCL,,1,1,1
2024-11-14,Indicator,MACD_Trend,Bearish,Bearish,Bearish,Neutral,Negative,-0.04396548216370333,-0.03893674653151935,-0.06637932788366563,-1,-1,-1,FCL,,1,1,1
2024-11-14,Indicator,CMF_State,Negative,Bearish,Bearish,Neutral,Negative,-0.04396548216370333,-0.03893674653151935,-0.06637932788366563,-1,-1,-1,FCL,,0,0,0
2024-11-18,Indicator,EMA_Trend,Bearish,Bearish,Bearish,Oversold,Negative,0.005259993795584839,-0.023444598810814288,-0.009017132221002644,1,-1,-1,FCL,,0,1,1
2024-11-18,Indicator,MACD_Trend,Bearish,Bearish,Bearish,Oversold,Negative,0.005259993795584839,-0.023444598810814288,-0.009017132221002644,1,-1,-1,FCL,,0,1,1
2024-11-18,Indicator,RSI_State,Oversold,Bearish,Bearish,Oversold,Negative,0.005259993795584839,-0.023444598810814288,-0.009017132221002644,1,-1,-1,FCL,,0,0,0
2024-11-18,Indicator,CMF_State,Negative,Bearish,Bearish,Oversold,Negative,0.005259993795584839,-0.023444598810814288,-0.009017132221002644,1,-1,-1,FCL,,0,0,0
2024-11-19,Candlestick,CDL_HARAMI,Bullish,Bearish,Bearish,Neutral,Negative,-0.028554396657145986,-0.01420242136830796,0.010763867407811656,-1,-1,1,FCL,,0,0,1
2024-11-19,Indicator,EMA_Trend,Bearish,Bearish,Bearish,Neutral,Negative,-0.028554396657145986,-0.01420242136830796,0.010763867407811656,-1,-1,1,FCL,,1,1,0
2024-11-19,Indicator,MACD_Trend,Bearish,Bearish,Bearish,Neutral,Negative,-0.028554396657145986,-0.01420242136830796,0.010763867407811656,-1,-1,1,FCL,,1,1,0
2024-11-19,Indicator,CMF_State,Negative,Bearish,Bearish,Neutral,Negative,-0.028554396657145986,-0.01420242136830796,0.010763867407811656,-1,-1,1,FCL,,0,0,0
2024-11-21,Candlestick,CDL_BULLISH_ENGULFING,Bearish,Bearish,Bearish,Oversold,Negative,0.014773833181653373,0.04047397397204655,0.039858456295192246,1,1,1,FCL,,0,0,0
2024-11-21,Indicator,EMA_Trend,Bearish,Bearish,Bearish,Oversold,Negative,0.014773833181653373,0.04047397397204655,0.039858456295192246,1,1,1,FCL,,0,0,0
2024-11-21,Indicator,MACD_Trend,Bearish,Bearish,Bearish,Oversold,Negative,0.014773833181653373,0.04047397397204655,0.039858456295192246,1,1,1,FCL,,0,0,0
2024-11-21,Indicator,RSI_State,Oversold,Bearish,Bearish,Oversold,Negative,0.014773833181653373,0.04047397397204655,0.039858456295192246,1,1,1,FCL,,0,0,0
2024-11-21,Indicator,CMF_State,Negative,Bearish,Bearish,Oversold,Negative,0.014773833181653373,0.04047397397204655,0.039858456295192246,1,1,1,FCL,,0,0,0
2024-11-22,Indicator,EMA_Trend,Bearish,Bearish,Bearish,Neutral,Negative,0.025325979001463494,0.024719422489334564,0.061722701948700553,1,1,1,FCL,,0,0,0
2024-11-22,Indicator,MACD_Trend,Bearish,Bearish,Bearish,Neutral,Negative,0.025325979001463494,0.024719422489334564,0.061722701948700553,1,1,1,FCL,,0,0,0
2024-11-22,Indicator,CMF_State,Negative,Bearish,Bearish,Neutral,Negative,0.025325979001463494,0.024719422489334564,0.061722701948700553,1,1,1,FCL,,0,0,0
2024-11-25,Indicator,EMA_Trend,Bearish,Bearish,Bearish,Neutral,Negative,-0.0005915743134876639,0.03549770872155489,0.04304102599009019,-1,1,1,FCL,,1,0,0
2024-11-25,Indicator,MACD_Trend,Bearish,Bearish,Bearish,Neutral,Negative,-0.0005915743134876639,0.03549770872155489,0.04304102599009019,-1,1,1,FCL,,1,0,0
2024-11-25,Indicator,CMF_State,Negative,Bearish,Bearish,Neutral,Negative,-0.0005915743134876639,0.03549770872155489,0.04304102599009019,-1,1,1,FCL,,0,0,0
2024-11-26,Indicator,EMA_Trend,Bearish,Bearish,Bearish,Neutral,Negative,0.03611064516516582,0.043658427507858866,0.04188247340788531,1,1,1,FCL,,0,0,0
2024-11-26,Indicator,MACD_Trend,Bearish,Bearish,Bearish,Neutral,Negative,0.03611064516516582,0.043658427507858866,0.04188247340788531,1,1,1,FCL,,0,0,0
2024-11-26,Indicator,CMF_State,Negative,Bearish,Bearish,Neutral,Negative,0.03611064516516582,0.043658427507858866,0.04188247340788531,1,1,1,FCL,,0,0,0
2024-11-27,Indicator,EMA_Trend,Bearish,Bearish,Bearish,Neutral,Negative,0.00728472618046494,0.005570667833259657,0.007427528050803378,1,1,1,FCL,,0,0,0
2024-11-27,Indicator,MACD_Trend,Bearish,Bearish,Bearish,Neutral,Negative,0.00728472618046494,0.005570667833259657,0.007427528050803378,1,1,1,FCL,,0,0,0
2024-11-27,Indicator,CMF_State,Negative,Bearish,Bearish,Neutral,Negative,0.00728472618046494,0.005570667833259657,0.007427528050803378,1,1,1,FCL,,0,0,0
2024-11-28,Indicator,EMA_Trend,Bearish,Bearish,Bullish,Neutral,Negative,-0.0017016622039974783,0.00014176912111030227,0.016732824147349223,-1,1,1,FCL,,1,0,0
2024-11-28,Indicator,MACD_Trend,Bullish,Bearish,Bullish,Neutral,Negative,-0.0017016622039974783,0.00014176912111030227,0.016732824147349223,-1,1,1,FCL,,0,1,1
2024-11-28,Indicator,CMF_State,Negative,Bearish,Bullish,Neutral,Negative,-0.0017016622039974783,0.00014176912111030227,0.016732824147349223,-1,1,1,FCL,,0,0,0
2024-11-29,Indicator,EMA_Trend,Bearish,Bearish,Bullish,Neutral,Negative,0.0018465735695578633,0.01846590909090917,0.017613671042702395,1,1,1,FCL,,0,0,0
2024-11-29,Indicator,MACD_Trend,Bullish,Bearish,Bullish,Neutral,Negative,0.0018465735695578633,0.01846590909090917,0.017613671042702395,1,1,1,FCL,,1,1,1
2024-11-29,Indicator,CMF_State,Negative,Bearish,Bullish,Neutral,Negative,0.0018465735695578633,0.01846590909090917,0.017613671042702395,1,1,1,FCL,,0,0,0
2024-12-02,Candlestick,CDL_BULLISH_ENGULFING,Bullish,Bearish,Bullish,Neutral,Negative,0.01658870326035733,0.015738036031771596,0.003402841990076677,1,1,1,FCL,,1,1,1
2024-12-02,Indicator,EMA_Trend,Bearish,Bearish,Bullish,Neutral,Negative,0.01658870326035733,0.015738036031771596,0.003402841990076677,1,1,1,FCL,,0,0,0
2024-12-02,Indicator,MACD_Trend,Bullish,Bearish,Bullish,Neutral,Negative,0.01658870326035733,0.015738036031771596,0.003402841990076677,1,1,1,FCL,,1,1,1
2024-12-02,Indicator,CMF_State,Negative,Bearish,Bullish,Neutral,Negative,0.01658870326035733,0.015738036031771596,0.003402841990076677,1,1,1,FCL,,0,0,0
2024-12-03,Candlestick,CDL_THREE_OUTSIDE_UP,Bullish,Bearish,Bullish,Neutral,Negative,-0.0008367860333856614,-0.012970694271922989,-0.0059971935745728455,-1,-1,-1,FCL,,0,0,0
2024-12-03,Indicator,EMA_Trend,Bearish,Bearish,Bullish,Neutral,Negative,-0.0008367860333856614,-0.012970694271922989,-0.0059971935745728455,-1,-1,-1,FCL,,1,1,1
2024-12-03,Indicator,MACD_Trend,Bullish,Bearish,Bullish,Neutral,Negative,-0.0008367860333856614,-0.012970694271922989,-0.0059971935745728455,-1,-1,-1,FCL,,0,0,0
2024-12-03,Indicator,CMF_State,Negative,Bearish,Bullish,Neutral,Negative,-0.0008367860333856614,-0.012970694271922989,-0.0059971935745728455,-1,-1,-1,FCL,,0,0,0
2024-12-04,Indicator,EMA_Trend,Bearish,Bearish,Bullish,Neutral,Negative,-0.012144070226891679,-0.0051647293145438145,-0.02037972658227505,-1,-1,-1,FCL,,1,1,1
2024-12-04,Indicator,MACD_Trend,Bullish,Bearish,Bullish,Neutral,Negative,-0.012144070226891679,-0.0051647293145438145,-0.02037972658227505,-1,-1,-1,FCL,,0,0,0
2024-12-04,Indicator,CMF_State,Negative,Bearish,Bullish,Neutral,Negative,-0.012144070226891679,-0.0051647293145438145,-0.02037972658227505,-1,-1,-1,FCL,,0,0,0
2024-12-05,Indicator,EMA_Trend,Bearish,Bearish,Bullish,Neutral,Negative,0.0070651404744321855,-0.008336900257586155,-0.004662975464247099,1,-1,-1,FCL,,0,1,1
2024-12-05,Indicator,MACD_Trend,Bullish,Bearish,Bullish,Neutral,Negative,0.0070651404744321855,-0.008336900257586155,-0.004662975464247099,1,-1,-1,FCL,,1,0,0
2024-12-05,Indicator,CMF_State,Negative,Bearish,Bullish,Neutral,Negative,0.0070651404744321855,-0.008336900257586155,-0.004662975464247099,1,-1,-1,FCL,,0,0,0
2024-12-06,Candlestick,CDL_HARAMI,Bullish,Bearish,Bullish,Neutral,Negative,-0.015293986568497675,-0.01164583646808992,-0.0065946571159394285,-1,-1,-1,FCL,,0,0,0
2024-12-06,Indicator,EMA_Trend,Bearish,Bearish,Bullish,Neutral,Negative,-0.015293986568497675,-0.01164583646808992,-0.0065946571159394285,-1,-1,-1,FCL,,1,1,1
2024-12-06,Indicator,MACD_Trend,Bullish,Bearish,Bullish,Neutral,Negative,-0.015293986568497675,-0.01164583646808992,-0.0065946571159394285,-1,-1,-1,FCL,,0,0,0
2024-12-06,Indicator,CMF_State,Negative,Bearish,Bullish,Neutral,Negative,-0.015293986568497675,-0.01164583646808992,-0.0065946571159394285,-1,-1,-1,FCL,,0,0,0
2024-12-09,Candlestick,CDL_BULLISH_ENGULFING,Bearish,Bearish,Bullish,Neutral,Negative,0.00370481143676038,0.008834443309879703,-0.012824166652244284,1,1,-1,FCL,,0,0,1
2024-12-09,Indicator,EMA_Trend,Bearish,Bearish,Bullish,Neutral,Negative,0.00370481143676038,0.008834443309879703,-0.012824166652244284,1,1,-1,FCL,,0,0,1
2024-12-09,Indicator,MACD_Trend,Bullish,Bearish,Bullish,Neutral,Negative,0.00370481143676038,0.008834443309879703,-0.012824166652244284,1,1,-1,FCL,,1,1,0
2024-12-09,Indicator,CMF_State,Negative,Bearish,Bullish,Neutral,Negative,0.00370481143676038,0.008834443309879703,-0.012824166652244284,1,1,-1,FCL,,0,0,0
2024-12-10,Indicator,EMA_Trend,Bearish,Bearish,Bullish,Neutral,Negative,0.005110697701823597,-0.01646796737513312,-0.027399273366265464,1,-1,-1,FCL,,0,1,1
2024-12-10,Indicator,MACD_Trend,Bullish,Bearish,Bullish,Neutral,Negative,0.005110697701823597,-0.01646796737513312,-0.027399273366265464,1,-1,-1,FCL,,1,0,0
2024-12-10,Indicator,CMF_State,Negative,Bearish,Bullish,Neutral,Negative,0.005110697701823597,-0.01646796737513312,-0.027399273366265464,1,-1,-1,FCL,,0,0,0
2024-12-11,Indicator,EMA_Trend,Bearish,Bearish,Bullish,Neutral,Negative,-0.02146894379524189,-0.03234466725150076,-0.02090393756069031,-1,-1,-1,FCL,,1,1,1
2024-12-11,Indicator,MACD_Trend,Bullish,Bearish,Bullish,Neutral,Negative,-0.02146894379524189,-0.03234466725150076,-0.02090393756069031,-1,-1,-1,FCL,,0,0,0
2024-12-11,Indicator,CMF_State,Negative,Bearish,Bullish,Neutral,Negative,-0.02146894379524189,-0.03234466725150076,-0.02090393756069031,-1,-1,-1,FCL,,0,0,0
2024-12-12,Candlestick,CDL_BULLISH_ENGULFING,Bearish,Bearish,Bullish,Neutral,Negative,-0.011114336522379142,0.0005774024554141555,0.0010104102473518228,-1,1,1,FCL,,1,0,0
2024-12-12,Indicator,EMA_Trend,Bearish,Bearish,Bullish,Neutral,Negative,-0.011114336522379142,0.0005774024554141555,0.0010104102473518228,-1,1,1,FCL,,1,0,0
2024-12-12,Indicator,MACD_Trend,Bullish,Bearish,Bullish,Neutral,Negative,-0.011114336522379142,0.0005774024554141555,0.0010104102473518228,-1,1,1,FCL,,0,1,1
2024-12-12,Indicator,CMF_State,Negative,Bearish,Bullish,Neutral,Negative,-0.011114336522379142,0.0005774024554141555,0.0010104102473518228,-1,1,1,FCL,,0,0,0
2024-12-13,Candlestick,CDL_THREE_OUTSIDE_UP,Bearish,Bearish,Bullish,Neutral,Negative,0.011823145394460388,0.0122610198706814,-0.005546617907435714,1,1,-1,FCL,,0,0,1
2024-12-13,Indicator,EMA_Trend,Bearish,Bearish,Bullish,Neutral,Negative,0.011823145394460388,0.0122610198706814,-0.005546617907435714,1,1,-1,FCL,,0,0,1
2024-12-13,Indicator,MACD_Trend,Bullish,Bearish,Bullish,Neutral,Negative,0.011823145394460388,0.0122610198706814,-0.005546617907435714,1,1,-1,FCL,,1,1,0
2024-12-13,Indicator,CMF_State,Negative,Bearish,Bullish,Neutral,Negative,0.011823145394460388,0.0122610198706814,-0.005546617907435714,1,1,-1,FCL,,0,0,0
2024-12-16,Indicator,EMA_Trend,Bearish,Bearish,Bullish,Neutral,Negative,0.00043275791645425166,-0.017166797756068775,-0.02264860347743658,1,-1,-1,FCL,,0,1,1
2024-12-16,Indicator,MACD_Trend,Bullish,Bearish,Bullish,Neutral,Negative,0.00043275791645425166,-0.017166797756068775,-0.02264860347743658,1,-1,-1,FCL,,1,0,0
2024-12-16,Indicator,CMF_State,Negative,Bearish,Bullish,Neutral,Negative,0.00043275791645425166,-0.017166797756068775,-0.02264860347743658,1,-1,-1,FCL,,0,0,0
2024-12-17,Indicator,EMA_Trend,Bearish,Bearish,Bullish,Neutral,Negative,-0.01759194262008834,-0.023071377072819033,-0.03648159739433132,-1,-1,-1,FCL,,1,1,1
2024-12-17,Indicator,MACD_Trend,Bullish,Bearish,Bullish,Neutral,Negative,-0.01759194262008834,-0.023071377072819033,-0.03648159739433132,-1,-1,-1,FCL,,0,0,0
2024-12-17,Indicator,CMF_State,Negative,Bearish,Bullish,Neutral,Negative,-0.01759194262008834,-0.023071377072819033,-0.03648159739433132,-1,-1,-1,FCL,,0,0,0
2024-12-18,Candlestick,CDL_BULLISH_ENGULFING,Bearish,Bearish,Bullish,Neutral,Negative,-0.005577554470943991,-0.019227911082714266,-0.038162337392997014,-1,-1,-1,FCL,,1,1,1
2024-12-18,Indicator,EMA_Trend,Bearish,Bearish,Bullish,Neutral,Negative,-0.005577554470943991,-0.019227911082714266,-0.038162337392997014,-1,-1,-1,FCL,,1,1,1
2024-12-18,Indicator,MACD_Trend,Bullish,Bearish,Bullish,Neutral,Negative,-0.005577554470943991,-0.019227911082714266,-0.038162337392997014,-1,-1,-1,FCL,,0,0,0
2024-12-18,Indicator,CMF_State,Negative,Bearish,Bullish,Neutral,Negative,-0.005577554470943991,-0.019227911082714266,-0.038162337392997014,-1,-1,-1,FCL,,0,0,0
2024-12-19,Candlestick,CDL_THREE_OUTSIDE_UP,Bearish,Bearish,Bearish,Neutral,Positive,-0.0137269192516144,-0.03276754569303508,-0.036605148033902246,-1,-1,-1,FCL,,1,1,1
2024-12-19,Indicator,EMA_Trend,Bearish,Bearish,Bearish,Neutral,Positive,-0.0137269192516144,-0.03276754569303508,-0.036605148033902246,-1,-1,-1,FCL,,1,1,1
2024-12-19,Indicator,MACD_Trend,Bearish,Bearish,Bearish,Neutral,Positive,-0.0137269192516144,-0.03276754569303508,-0.036605148033902246,-1,-1,-1,FCL,,1,1,1
2024-12-19,Indicator,CMF_State,Positive,Bearish,Bearish,Neutral,Positive,-0.0137269192516144,-0.03276754569303508,-0.036605148033902246,-1,-1,-1,FCL,,0,0,0
2024-12-20,Candlestick,CDL_BULLISH_ENGULFING,Bearish,Bearish,Bearish,Neutral,Negative,-0.019305633310981785,-0.02319664728649773,-0.0296318279426101,-1,-1,-1,FCL,,1,1,1
2024-12-20,Indicator,EMA_Trend,Bearish,Bearish,Bearish,Neutral,Negative,-0.019305633310981785,-0.02319664728649773,-0.0296318279426101,-1,-1,-1,FCL,,1,1,1
2024-12-20,Indicator,MACD_Trend,Bearish,Bearish,Bearish,Neutral,Negative,-0.019305633310981785,-0.02319664728649773,-0.0296318279426101,-1,-1,-1,FCL,,1,1,1
2024-12-20,Indicator,CMF_State,Negative,Bearish,Bearish,Neutral,Negative,-0.019305633310981785,-0.02319664728649773,-0.0296318279426101,-1,-1,-1,FCL,,0,0,0
2024-12-23,Candlestick,CDL_THREE_OUTSIDE_UP,Bearish,Bearish,Bearish,Neutral,Negative,-0.003967611222905898,-0.010529472771921067,-0.005646287617817269,-1,-1,-1,FCL,,1,1,1
2024-12-23,Indicator,EMA_Trend,Bearish,Bearish,Bearish,Neutral,Negative,-0.003967611222905898,-0.010529472771921067,-0.005646287617817269,-1,-1,-1,FCL,,1,1,1
2024-12-23,Indicator,MACD_Trend,Bearish,Bearish,Bearish,Neutral,Negative,-0.003967611222905898,-0.010529472771921067,-0.005646287617817269,-1,-1,-1,FCL,,1,1,1
2024-12-23,Indicator,CMF_State,Negative,Bearish,Bearish,Neutral,Negative,-0.003967611222905898,-0.010529472771921067,-0.005646287617817269,-1,-1,-1,FCL,,0,0,0
2024-12-24,Indicator,EMA_Trend,Bearish,Bearish,Bearish,Neutral,Negative,-0.006588000172435771,-0.001685363261100803,0.009039318628103254,-1,-1,1,FCL,,1,1,0
2024-12-24,Indicator,MACD_Trend,Bearish,Bearish,Bearish,Neutral,Negative,-0.006588000172435771,-0.001685363261100803,0.009039318628103254,-1,-1,1,FCL,,1,1,0
2024-12-24,Indicator,CMF_State,Negative,Bearish,Bearish,Neutral,Negative,-0.006588000172435771,-0.001685363261100803,0.009039318628103254,-1,-1,1,FCL,,0,0,0
2024-12-26,Indicator,EMA_Trend,Bearish,Bearish,Bearish,Neutral,Negative,0.0049351496782663595,0.015730954330380076,0.018507093689337895,1,1,1,FCL,,0,0,0
2024-12-26,Indicator,MACD_Trend,Bearish,Bearish,Bearish,Neutral,Negative,0.0049351496782663595,0.015730954330380076,0.018507093689337895,1,1,1,FCL,,0,0,0
2024-12-26,Indicator,CMF_State,Negative,Bearish,Bearish,Neutral,Negative,0.0049351496782663595,0.015730954330380076,0.018507093689337895,1,1,1,FCL,,0,0,0
2024-12-27,Indicator,EMA_Trend,Bearish,Bearish,Bearish,Neutral,Negative,0.010742787388390296,0.01350529336685713,0.05325355050209746,1,1,1,FCL,,0,0,0
2024-12-27,Indicator,MACD_Trend,Bearish,Bearish,Bearish,Neutral,Negative,0.010742787388390296,0.01350529336685713,0.05325355050209746,1,1,1,FCL,,0,0,0
2024-12-27,Indicator,CMF_State,Negative,Bearish,Bearish,Neutral,Negative,0.010742787388390296,0.01350529336685713,0.05325355050209746,1,1,1,FCL,,0,0,0
2024-12-30,Indicator,EMA_Trend,Bearish,Bearish,Bearish,Neutral,Negative,0.0027331443893898744,0.04205893293935725,0.06544190437108477,1,1,1,FCL,,0,0,0
2024-12-30,Indicator,MACD_Trend,Bearish,Bearish,Bearish,Neutral,Negative,0.0027331443893898744,0.04205893293935725,0.06544190437108477,1,1,1,FCL,,0,0,0
2024-12-30,Indicator,CMF_State,Negative,Bearish,Bearish,Neutral,Negative,0.0027331443893898744,0.04205893293935725,0.06544190437108477,1,1,1,FCL,,0,0,0
2024-12-31,Indicator,EMA_Trend,Bearish,Bearish,Bearish,Neutral,Negative,0.0392185984576332,0.06253783504870714,0.035130148870692546,1,1,1,FCL,,0,0,0
2024-12-31,Indicator,MACD_Trend,Bearish,Bearish,Bearish,Neutral,Negative,0.0392185984576332,0.06253783504870714,0.035130148870692546,1,1,1,FCL,,0,0,0
2024-12-31,Indicator,CMF_State,Negative,Bearish,Bearish,Neutral,Negative,0.0392185984576332,0.06253783504870714,0.035130148870692546,1,1,1,FCL,,0,0,0
2025-01-01,Indicator,EMA_Trend,Bearish,Bearish,Bullish,Neutral,Negative,0.02243920251781817,-0.003934157445804498,-0.046335404864616736,1,-1,-1,FCL,,0,1,1
2025-01-01,Indicator,MACD_Trend,Bullish,Bearish,Bullish,Neutral,Negative,0.02243920251781817,-0.003934157445804498,-0.046335404864616736,1,-1,-1,FCL,,1,0,0
2025-01-01,Indicator,CMF_State,Negative,Bearish,Bullish,Neutral,Negative,0.02243920251781817,-0.003934157445804498,-0.046335404864616736,1,-1,-1,FCL,,0,0,0
2025-01-02,Indicator,EMA_Trend,Bearish,Bearish,Bullish,Neutral,Negative,-0.02579455081405002,-0.06726522928020873,-0.08194384922289988,-1,-1,-1,FCL,,1,1,1
2025-01-02,Indicator,MACD_Trend,Bullish,Bearish,Bullish,Neutral,Negative,-0.02579455081405002,-0.06726522928020873,-0.08194384922289988,-1,-1,-1,FCL,,0,0,0
2025-01-02,Indicator,CMF_State,Negative,Bearish,Bullish,Neutral,Negative,-0.02579455081405002,-0.06726522928020873,-0.08194384922289988,-1,-1,-1,FCL,,0,0,0
2025-01-03,Candlestick,CDL_BULLISH_ENGULFING,Bearish,Bearish,Bullish,Neutral,Negative,-0.04256871946344776,-0.05763599295792132,-0.07972498821885732,-1,-1,-1,FCL,,1,1,1
2025-01-03,Indicator,EMA_Trend,Bearish,Bearish,Bullish,Neutral,Negative,-0.04256871946344776,-0.05763599295792132,-0.07972498821885732,-1,-1,-1,FCL,,1,1,1
2025-01-03,Indicator,MACD_Trend,Bullish,Bearish,Bullish,Neutral,Negative,-0.04256871946344776,-0.05763599295792132,-0.07972498821885732,-1,-1,-1,FCL,,0,0,0
2025-01-03,Indicator,CMF_State,Negative,Bearish,Bullish,Neutral,Negative,-0.04256871946344776,-0.05763599295792132,-0.07972498821885732,-1,-1,-1,FCL,,0,0,0
2025-01-06,Candlestick,CDL_THREE_OUTSIDE_UP,Bearish,Bearish,Bullish,Neutral,Negative,-0.015737185321571756,-0.038808287874809055,-0.06035141329258975,-1,-1,-1,FCL,,1,1,1
2025-01-06,Indicator,EMA_Trend,Bearish,Bearish,Bullish,Neutral,Negative,-0.015737185321571756,-0.038808287874809055,-0.06035141329258975,-1,-1,-1,FCL,,1,1,1
2025-01-06,Indicator,MACD_Trend,Bullish,Bearish,Bullish,Neutral,Negative,-0.015737185321571756,-0.038808287874809055,-0.06035141329258975,-1,-1,-1,FCL,,0,0,0
2025-01-06,Indicator,CMF_State,Negative,Bearish,Bullish,Neutral,Negative,-0.015737185321571756,-0.038808287874809055,-0.06035141329258975,-1,-1,-1,FCL,,0,0,0
2025-01-07,Indicator,EMA_Trend,Bearish,Bearish,Bullish,Neutral,Negative,-0.023439981892209194,-0.045327556121881996,-0.07047504432438911,-1,-1,-1,FCL,,1,1,1
2025-01-07,Indicator,MACD_Trend,Bullish,Bearish,Bullish,Neutral,Negative,-0.023439981892209194,-0.045327556121881996,-0.07047504432438911,-1,-1,-1,FCL,,0,0,0
2025-01-07,Indicator,CMF_State,Negative,Bearish,Bullish,Neutral,Negative,-0.023439981892209194,-0.045327556121881996,-0.07047504432438911,-1,-1,-1,FCL,,0,0,0
2025-01-08,Indicator,EMA_Trend,Bearish,Bearish,Bearish,Neutral,Negative,-0.022412932972704303,-0.048164026337384036,-0.10952148474450907,-1,-1,-1,FCL,,1,1,1
2025-01-08,Indicator,MACD_Trend,Bearish,Bearish,Bearish,Neutral,Negative,-0.022412932972704303,-0.048164026337384036,-0.10952148474450907,-1,-1,-1,FCL,,1,1,1
2025-01-08,Indicator,CMF_State,Negative,Bearish,Bearish,Neutral,Negative,-0.022412932972704303,-0.048164026337384036,-0.10952148474450907,-1,-1,-1,FCL,,0,0,0
2025-01-09,Indicator,EMA_Trend,Bearish,Bearish,Bearish,Neutral,Negative,-0.026341483263465415,-0.08910567120807922,-0.06829268292682922,-1,-1,-1,FCL,,1,1,1
2025-01-09,Indicator,MACD_Trend,Bearish,Bearish,Bearish,Neutral,Negative,-0.026341483263465415,-0.08910567120807922,-0.06829268292682922,-1,-1,-1,FCL,,1,1,1
2025-01-09,Indicator,CMF_State,Negative,Bearish,Bearish,Neutral,Negative,-0.026341483263465415,-0.08910567120807922,-0.06829268292682922,-1,-1,-1,FCL,,0,0,0
2025-01-10,Indicator,EMA_Trend,Bearish,Bearish,Bearish,Oversold,Negative,-0.06446221839149935,-0.0430861528372124,-0.005511001770610702,-1,-1,-1,FCL,,1,1,1
2025-01-10,Indicator,MACD_Trend,Bearish,Bearish,Bearish,Oversold,Negative,-0.06446221839149935,-0.0430861528372124,-0.005511001770610702,-1,-1,-1,FCL,,1,1,1
2025-01-10,Indicator,RSI_State,Oversold,Bearish,Bearish,Oversold,Negative,-0.06446221839149935,-0.0430861528372124,-0.005511001770610702,-1,-1,-1,FCL,,0,0,0
2025-01-10,Indicator,CMF_State,Negative,Bearish,Bearish,Oversold,Negative,-0.06446221839149935,-0.0430861528372124,-0.005511001770610702,-1,-1,-1,FCL,,0,0,0
2025-01-13,Indicator,EMA_Trend,Bearish,Bearish,Bearish,Oversold,Negative,0.022848960217870085,0.06301318640443565,0.12923948911330907,1,1,1,FCL,,0,0,0
2025-01-13,Indicator,MACD_Trend,Bearish,Bearish,Bearish,Oversold,Negative,0.022848960217870085,0.06301318640443565,0.12923948911330907,1,1,1,FCL,,0,0,0
2025-01-13,Indicator,RSI_State,Oversold,Bearish,Bearish,Oversold,Negative,0.022848960217870085,0.06301318640443565,0.12923948911330907,1,1,1,FCL,,0,0,0
2025-01-13,Indicator,CMF_State,Negative,Bearish,Bearish,Oversold,Negative,0.022848960217870085,0.06301318640443565,0.12923948911330907,1,1,1,FCL,,0,0,0
2025-01-14,Candlestick,CDL_HARAMI,Bullish,Bearish,Bearish,Oversold,Negative,0.03926701570680624,0.10401391899814572,0.17329840801565233,1,1,1,FCL,,1,1,1
2025-01-14,Candlestick,CDL_HARAMI_CROSS,Bullish,Bearish,Bearish,Oversold,Negative,0.03926701570680624,0.10401391899814572,0.17329840801565233,1,1,1,FCL,,1,1,1
2025-01-14,Indicator,EMA_Trend,Bearish,Bearish,Bearish,Oversold,Negative,0.03926701570680624,0.10401391899814572,0.17329840801565233,1,1,1,FCL,,0,0,0
2025-01-14,Indicator,MACD_Trend,Bearish,Bearish,Bearish,Oversold,Negative,0.03926701570680624,0.10401391899814572,0.17329840801565233,1,1,1,FCL,,0,0,0
2025-01-14,Indicator,RSI_State,Oversold,Bearish,Bearish,Oversold,Negative,0.03926701570680624,0.10401391899814572,0.17329840801565233,1,1,1,FCL,,0,0,0
2025-01-14,Indicator,CMF_State,Negative,Bearish,Bearish,Oversold,Negative,0.03926701570680624,0.10401391899814572,0.17329840801565233,1,1,1,FCL,,0,0,0
2025-01-15,Indicator,EMA_Trend,Bearish,Bearish,Bearish,Neutral,Negative,0.062300546743807805,0.12896723390926734,0.11200673754329338,1,1,1,FCL,,0,0,0
2025-01-15,Indicator,MACD_Trend,Bearish,Bearish,Bearish,Neutral,Negative,0.062300546743807805,0.12896723390926734,0.11200673754329338,1,1,1,FCL,,0,0,0
2025-01-15,Indicator,CMF_State,Negative,Bearish,Bearish,Neutral,Negative,0.062300546743807805,0.12896723390926734,0.11200673754329338,1,1,1,FCL,,0,0,0
2025-01-16,Indicator,EMA_Trend,Bearish,Bearish,Bearish,Neutral,Negative,0.06275689810177387,0.04679108087804962,0.061808470012787886,1,1,1,FCL,,0,0,0
2025-01-16,Indicator,MACD_Trend,Bearish,Bearish,Bearish,Neutral,Negative,0.06275689810177387,0.04679108087804962,0.061808470012787886,1,1,1,FCL,,0,0,0
2025-01-16,Indicator,CMF_State,Negative,Bearish,Bearish,Neutral,Negative,0.06275689810177387,0.04679108087804962,0.061808470012787886,1,1,1,FCL,,0,0,0
2025-01-17,Indicator,EMA_Trend,Bearish,Bearish,Bullish,Neutral,Negative,-0.015023019142234029,-0.000892422425749384,0.0031236600613184784,-1,-1,1,FCL,,1,1,0
2025-01-17,Indicator,MACD_Trend,Bullish,Bearish,Bullish,Neutral,Negative,-0.015023019142234029,-0.000892422425749384,0.0031236600613184784,-1,-1,1,FCL,,0,0,1
2025-01-17,Indicator,CMF_State,Negative,Bearish,Bullish,Neutral,Negative,-0.015023019142234029,-0.000892422425749384,0.0031236600613184784,-1,-1,1,FCL,,0,0,0
2025-01-20,Candlestick,CDL_HARAMI,Bearish,Bearish,Bullish,Neutral,Negative,0.014346118732824653,0.01842345512252419,0.03231646479072503,1,1,1,FCL,,0,0,0
2025-01-20,Indicator,EMA_Trend,Bearish,Bearish,Bullish,Neutral,Negative,0.014346118732824653,0.01842345512252419,0.03231646479072503,1,1,1,FCL,,0,0,0
2025-01-20,Indicator,MACD_Trend,Bullish,Bearish,Bullish,Neutral,Negative,0.014346118732824653,0.01842345512252419,0.03231646479072503,1,1,1,FCL,,1,1,1
2025-01-20,Indicator,CMF_State,Negative,Bearish,Bullish,Neutral,Negative,0.014346118732824653,0.01842345512252419,0.03231646479072503,1,1,1,FCL,,0,0,0
2025-01-21,Indicator,EMA_Trend,Bearish,Bearish,Bullish,Neutral,Negative,0.004019669730479514,0.01771618752812887,0.003572969086334421,1,1,1,FCL,,0,0,0
2025-01-21,Indicator,MACD_Trend,Bullish,Bearish,Bullish,Neutral,Negative,0.004019669730479514,0.01771618752812887,0.003572969086334421,1,1,1,FCL,,1,1,1
2025-01-21,Indicator,CMF_State,Negative,Bearish,Bullish,Neutral,Negative,0.004019669730479514,0.01771618752812887,0.003572969086334421,1,1,1,FCL,,0,0,0
2025-01-22,Indicator,EMA_Trend,Bearish,Bearish,Bullish,Neutral,Negative,0.013641682738472882,-0.00044491224386544737,-0.0330665006240175,1,-1,-1,FCL,,0,1,1
2025-01-22,Indicator,MACD_Trend,Bullish,Bearish,Bullish,Neutral,Negative,0.013641682738472882,-0.00044491224386544737,-0.0330665006240175,1,-1,-1,FCL,,1,0,0
2025-01-22,Indicator,CMF_State,Negative,Bearish,Bullish,Neutral,Negative,0.013641682738472882,-0.00044491224386544737,-0.0330665006240175,1,-1,-1,FCL,,0,0,0
2025-01-23,Candlestick,CDL_SHOOTING_STAR,Bearish,Bearish,Bullish,Neutral,Negative,-0.013897016295030151,-0.04607958034667903,-0.045786993725592806,-1,-1,-1,FCL,,1,1,1
2025-01-23,Indicator,EMA_Trend,Bearish,Bearish,Bullish,Neutral,Negative,-0.013897016295030151,-0.04607958034667903,-0.045786993725592806,-1,-1,-1,FCL,,1,1,1
2025-01-23,Indicator,MACD_Trend,Bullish,Bearish,Bullish,Neutral,Negative,-0.013897016295030151,-0.04607958034667903,-0.045786993725592806,-1,-1,-1,FCL,,0,0,0
2025-01-23,Indicator,CMF_State,Negative,Bearish,Bullish,Neutral,Negative,-0.013897016295030151,-0.04607958034667903,-0.045786993725592806,-1,-1,-1,FCL,,0,0,0
2025-01-24,Indicator,EMA_Trend,Bearish,Bearish,Bullish,Neutral,Negative,-0.032636108584453316,-0.03233939857959478,-0.02492210117403726,-1,-1,-1,FCL,,1,1,1
2025-01-24,Indicator,MACD_Trend,Bullish,Bearish,Bullish,Neutral,Negative,-0.032636108584453316,-0.03233939857959478,-0.02492210117403726,-1,-1,-1,FCL,,0,0,0
2025-01-24,Indicator,CMF_State,Negative,Bearish,Bullish,Neutral,Negative,-0.032636108584453316,-0.03233939857959478,-0.02492210117403726,-1,-1,-1,FCL,,0,0,0
2025-01-27,Indicator,EMA_Trend,Bearish,Bearish,Bullish,Neutral,Negative,0.00030672015721444623,0.007974256098321142,-0.002913607498910009,1,1,-1,FCL,,0,0,1
2025-01-27,Indicator,MACD_Trend,Bullish,Bearish,Bullish,Neutral,Negative,0.00030672015721444623,0.007974256098321142,-0.002913607498910009,1,1,-1,FCL,,1,1,0
2025-01-27,Indicator,CMF_State,Negative,Bearish,Bullish,Neutral,Negative,0.00030672015721444623,0.007974256098321142,-0.002913607498910009,1,1,-1,FCL,,0,0,0
2025-01-28,Candlestick,CDL_HARAMI,Bullish,Bearish,Bullish,Neutral,Negative,0.007665184874396935,-0.003219340219586253,-0.0041392185460046305,1,-1,-1,FCL,,1,0,0
2025-01-28,Indicator,EMA_Trend,Bearish,Bearish,Bullish,Neutral,Negative,0.007665184874396935,-0.003219340219586253,-0.0041392185460046305,1,-1,-1,FCL,,0,1,1
2025-01-28,Indicator,MACD_Trend,Bullish,Bearish,Bullish,Neutral,Negative,0.007665184874396935,-0.003219340219586253,-0.0041392185460046305,1,-1,-1,FCL,,1,0,0
2025-01-28,Indicator,CMF_State,Negative,Bearish,Bullish,Neutral,Negative,0.007665184874396935,-0.003219340219586253,-0.0041392185460046305,1,-1,-1,FCL,,0,0,0
2025-01-29,Indicator,EMA_Trend,Bearish,Bearish,Bullish,Neutral,Negative,-0.010801727853026799,-0.01171460877838404,-0.025863380976289485,-1,-1,-1,FCL,,1,1,1
2025-01-29,Indicator,MACD_Trend,Bullish,Bearish,Bullish,Neutral,Negative,-0.010801727853026799,-0.01171460877838404,-0.025863380976289485,-1,-1,-1,FCL,,0,0,0
2025-01-29,Indicator,CMF_State,Negative,Bearish,Bullish,Neutral,Negative,-0.010801727853026799,-0.01171460877838404,-0.025863380976289485,-1,-1,-1,FCL,,0,0,0
2025-01-30,Indicator,EMA_Trend,Bearish,Bearish,Bullish,Neutral,Negative,-0.0009228492922616072,-0.015226121544442917,-0.029990771507077407,-1,-1,-1,FCL,,1,1,1
2025-01-30,Indicator,MACD_Trend,Bullish,Bearish,Bullish,Neutral,Negative,-0.0009228492922616072,-0.015226121544442917,-0.029990771507077407,-1,-1,-1,FCL,,0,0,0
2025-01-30,Indicator,CMF_State,Negative,Bearish,Bullish,Neutral,Negative,-0.0009228492922616072,-0.015226121544442917,-0.029990771507077407,-1,-1,-1,FCL,,0,0,0
2025-01-31,Indicator,EMA_Trend,Bearish,Bearish,Bullish,Neutral,Negative,-0.014316484209501712,-0.029094772304845806,-0.008312751819356978,-1,-1,-1,FCL,,1,1,1
2025-01-31,Indicator,MACD_Trend,Bullish,Bearish,Bullish,Neutral,Negative,-0.014316484209501712,-0.029094772304845806,-0.008312751819356978,-1,-1,-1,FCL,,0,0,0
2025-01-31,Indicator,CMF_State,Negative,Bearish,Bullish,Neutral,Negative,-0.014316484209501712,-0.029094772304845806,-0.008312751819356978,-1,-1,-1,FCL,,0,0,0
2025-02-01,Indicator,EMA_Trend,Bearish,Bearish,Bullish,Neutral,Negative,-0.01499293420108816,0.006090933138239496,-0.011869398298965494,-1,1,-1,FCL,,1,0,1
2025-02-01,Indicator,MACD_Trend,Bullish,Bearish,Bullish,Neutral,Negative,-0.01499293420108816,0.006090933138239496,-0.011869398298965494,-1,1,-1,FCL,,0,1,0
2025-02-01,Indicator,CMF_State,Negative,Bearish,Bullish,Neutral,Negative,-0.01499293420108816,0.006090933138239496,-0.011869398298965494,-1,1,-1,FCL,,0,0,0
2025-02-03,Indicator,EMA_Trend,Bearish,Bearish,Bullish,Neutral,Negative,0.02140478791614253,0.0031710796912802763,-0.035833258575671545,1,1,-1,FCL,,0,0,1
2025-02-03,Indicator,MACD_Trend,Bullish,Bearish,Bullish,Neutral,Negative,0.02140478791614253,0.0031710796912802763,-0.035833258575671545,1,1,-1,FCL,,1,1,0
2025-02-03,Indicator,CMF_State,Negative,Bearish,Bullish,Neutral,Negative,0.02140478791614253,0.0031710796912802763,-0.035833258575671545,1,1,-1,FCL,,0,0,0
2025-02-04,Indicator,EMA_Trend,Bearish,Bearish,Bullish,Neutral,Negative,-0.017851598544062375,-0.0560385531465839,-0.11021421709812418,-1,-1,-1,FCL,,1,1,1
2025-02-04,Indicator,MACD_Trend,Bullish,Bearish,Bullish,Neutral,Negative,-0.017851598544062375,-0.0560385531465839,-0.11021421709812418,-1,-1,-1,FCL,,0,0,0
2025-02-04,Indicator,CMF_State,Negative,Bearish,Bullish,Neutral,Negative,-0.017851598544062375,-0.0560385531465839,-0.11021421709812418,-1,-1,-1,FCL,,0,0,0
2025-02-05,Candlestick,CDL_BULLISH_ENGULFING,Bearish,Bearish,Bearish,Neutral,Negative,-0.03888104337991405,-0.09404140801649064,-0.07554921269280412,-1,-1,-1,FCL,,1,1,1
2025-02-05,Indicator,EMA_Trend,Bearish,Bearish,Bearish,Neutral,Negative,-0.03888104337991405,-0.09404140801649064,-0.07554921269280412,-1,-1,-1,FCL,,1,1,1
2025-02-05,Indicator,MACD_Trend,Bearish,Bearish,Bearish,Neutral,Negative,-0.03888104337991405,-0.09404140801649064,-0.07554921269280412,-1,-1,-1,FCL,,1,1,1
2025-02-05,Indicator,CMF_State,Negative,Bearish,Bearish,Neutral,Negative,-0.03888104337991405,-0.09404140801649064,-0.07554921269280412,-1,-1,-1,FCL,,0,0,0
2025-02-06,Candlestick,CDL_THREE_OUTSIDE_UP,Bearish,Bearish,Bearish,Neutral,Negative,-0.05739181841814456,-0.03815154103487761,-0.07301424956665137,-1,-1,-1,FCL,,1,1,1
2025-02-06,Indicator,EMA_Trend,Bearish,Bearish,Bearish,Neutral,Negative,-0.05739181841814456,-0.03815154103487761,-0.07301424956665137,-1,-1,-1,FCL,,1,1,1
2025-02-06,Indicator,MACD_Trend,Bearish,Bearish,Bearish,Neutral,Negative,-0.05739181841814456,-0.03815154103487761,-0.07301424956665137,-1,-1,-1,FCL,,1,1,1
2025-02-06,Indicator,CMF_State,Negative,Bearish,Bearish,Neutral,Negative,-0.05739181841814456,-0.03815154103487761,-0.07301424956665137,-1,-1,-1,FCL,,0,0,0
2025-02-07,Indicator,EMA_Trend,Bearish,Bearish,Bearish,Neutral,Negative,0.020411744518256114,-0.016573621419548656,-0.02198191966636387,1,-1,-1,FCL,,0,1,1
2025-02-07,Indicator,MACD_Trend,Bearish,Bearish,Bearish,Neutral,Negative,0.020411744518256114,-0.016573621419548656,-0.02198191966636387,1,-1,-1,FCL,,0,1,1
2025-02-07,Indicator,CMF_State,Negative,Bearish,Bearish,Neutral,Negative,0.020411744518256114,-0.016573621419548656,-0.02198191966636387,1,-1,-1,FCL,,0,0,0
2025-02-10,Candlestick,CDL_HARAMI,Bullish,Bearish,Bearish,Neutral,Positive,-0.03624553141072073,-0.04154564509117287,-0.03983595119775618,-1,-1,-1,FCL,,0,0,0
2025-02-10,Indicator,EMA_Trend,Bearish,Bearish,Bearish,Neutral,Positive,-0.03624553141072073,-0.04154564509117287,-0.03983595119775618,-1,-1,-1,FCL,,1,1,1
2025-02-10,Indicator,MACD_Trend,Bearish,Bearish,Bearish,Neutral,Positive,-0.03624553141072073,-0.04154564509117287,-0.03983595119775618,-1,-1,-1,FCL,,1,1,1
2025-02-10,Indicator,CMF_State,Positive,Bearish,Bearish,Neutral,Positive,-0.03624553141072073,-0.04154564509117287,-0.03983595119775618,-1,-1,-1,FCL,,0,0,0
2025-02-11,Candlestick,CDL_BULLISH_ENGULFING,Bearish,Bearish,Bearish,Neutral,Negative,-0.005499443948841387,-0.0037254507284318894,-0.05925141687205715,-1,-1,-1,FCL,,1,1,1
2025-02-11,Indicator,EMA_Trend,Bearish,Bearish,Bearish,Neutral,Negative,-0.005499443948841387,-0.0037254507284318894,-0.05925141687205715,-1,-1,-1,FCL,,1,1,1
2025-02-11,Indicator,MACD_Trend,Bearish,Bearish,Bearish,Neutral,Negative,-0.005499443948841387,-0.0037254507284318894,-0.05925141687205715,-1,-1,-1,FCL,,1,1,1
2025-02-11,Indicator,CMF_State,Negative,Bearish,Bearish,Neutral,Negative,-0.005499443948841387,-0.0037254507284318894,-0.05925141687205715,-1,-1,-1,FCL,,0,0,0
2025-02-12,Candlestick,CDL_THREE_OUTSIDE_UP,Bearish,Bearish,Bearish,Neutral,Negative,0.001783803145825713,-0.05404921354357761,-0.026757047187385363,1,-1,-1,FCL,,0,1,1
2025-02-12,Indicator,EMA_Trend,Bearish,Bearish,Bearish,Neutral,Negative,0.001783803145825713,-0.05404921354357761,-0.026757047187385363,1,-1,-1,FCL,,0,1,1
2025-02-12,Indicator,MACD_Trend,Bearish,Bearish,Bearish,Neutral,Negative,0.001783803145825713,-0.05404921354357761,-0.026757047187385363,1,-1,-1,FCL,,0,1,1
2025-02-12,Indicator,CMF_State,Negative,Bearish,Bearish,Neutral,Negative,0.001783803145825713,-0.05404921354357761,-0.026757047187385363,1,-1,-1,FCL,,0,0,0
2025-02-13,Indicator,EMA_Trend,Bearish,Bearish,Bearish,Neutral,Negative,-0.05573359892032104,-0.02849002972855652,-0.09437316913542437,-1,-1,-1,FCL,,1,1,1
2025-02-13,Indicator,MACD_Trend,Bearish,Bearish,Bearish,Neutral,Negative,-0.05573359892032104,-0.02849002972855652,-0.09437316913542437,-1,-1,-1,FCL,,1,1,1
2025-02-13,Indicator,CMF_State,Negative,Bearish,Bearish,Neutral,Negative,-0.05573359892032104,-0.02849002972855652,-0.09437316913542437,-1,-1,-1,FCL,,0,0,0
2025-02-14,Candlestick,CDL_BULLISH_ENGULFING,Bearish,Bearish,Bearish,Oversold,Negative,0.028851571082709304,-0.04092020024319687,-0.015274327309808933,1,-1,-1,FCL,,0,1,1
2025-02-14,Indicator,EMA_Trend,Bearish,Bearish,Bearish,Oversold,Negative,0.028851571082709304,-0.04092020024319687,-0.015274327309808933,1,-1,-1,FCL,,0,1,1
2025-02-14,Indicator,MACD_Trend,Bearish,Bearish,Bearish,Oversold,Negative,0.028851571082709304,-0.04092020024319687,-0.015274327309808933,1,-1,-1,FCL,,0,1,1
2025-02-14,Indicator,RSI_State,Oversold,Bearish,Bearish,Oversold,Negative,0.028851571082709304,-0.04092020024319687,-0.015274327309808933,1,-1,-1,FCL,,0,0,0
2025-02-14,Indicator,CMF_State,Negative,Bearish,Bearish,Oversold,Negative,0.028851571082709304,-0.04092020024319687,-0.015274327309808933,1,-1,-1,FCL,,0,0,0
2025-02-17,Candlestick,CDL_HARAMI,Bullish,Bearish,Bearish,Neutral,Negative,-0.06781519636742361,-0.0428884978482198,-0.02694272696051392,-1,-1,-1,FCL,,0,0,0
2025-02-17,Indicator,EMA_Trend,Bearish,Bearish,Bearish,Neutral,Negative,-0.06781519636742361,-0.0428884978482198,-0.02694272696051392,-1,-1,-1,FCL,,1,1,1
2025-02-17,Indicator,MACD_Trend,Bearish,Bearish,Bearish,Neutral,Negative,-0.06781519636742361,-0.0428884978482198,-0.02694272696051392,-1,-1,-1,FCL,,1,1,1
2025-02-17,Indicator,CMF_State,Negative,Bearish,Bearish,Neutral,Negative,-0.06781519636742361,-0.0428884978482198,-0.02694272696051392,-1,-1,-1,FCL,,0,0,0
2025-02-18,Candlestick,CDL_BULLISH_ENGULFING,Bearish,Bearish,Bearish,Oversold,Negative,0.026740082462263226,0.043845886832349246,0.02457721064179008,1,1,1,FCL,,0,0,0
2025-02-18,Indicator,EMA_Trend,Bearish,Bearish,Bearish,Oversold,Negative,0.026740082462263226,0.043845886832349246,0.02457721064179008,1,1,1,FCL,,0,0,0
2025-02-18,Indicator,MACD_Trend,Bearish,Bearish,Bearish,Oversold,Negative,0.026740082462263226,0.043845886832349246,0.02457721064179008,1,1,1,FCL,,0,0,0
2025-02-18,Indicator,RSI_State,Oversold,Bearish,Bearish,Oversold,Negative,0.026740082462263226,0.043845886832349246,0.02457721064179008,1,1,1,FCL,,0,0,0
2025-02-18,Indicator,CMF_State,Negative,Bearish,Bearish,Oversold,Negative,0.026740082462263226,0.043845886832349246,0.02457721064179008,1,1,1,FCL,,0,0,0
2025-02-19,Indicator,EMA_Trend,Bearish,Bearish,Bearish,Neutral,Negative,0.01666030640302263,-0.0021065426950960253,-0.015702818872743052,1,-1,-1,FCL,,0,1,1
2025-02-19,Indicator,MACD_Trend,Bearish,Bearish,Bearish,Neutral,Negative,0.01666030640302263,-0.0021065426950960253,-0.015702818872743052,1,-1,-1,FCL,,0,1,1
2025-02-19,Indicator,CMF_State,Negative,Bearish,Bearish,Neutral,Negative,0.01666030640302263,-0.0021065426950960253,-0.015702818872743052,1,-1,-1,FCL,,0,0,0
2025-02-20,Indicator,EMA_Trend,Bearish,Bearish,Bearish,Neutral,Negative,-0.018459311315611626,-0.031832781384243725,-0.057826352976558915,-1,-1,-1,FCL,,1,1,1
2025-02-20,Indicator,MACD_Trend,Bearish,Bearish,Bearish,Neutral,Negative,-0.018459311315611626,-0.031832781384243725,-0.057826352976558915,-1,-1,-1,FCL,,1,1,1
2025-02-20,Indicator,CMF_State,Negative,Bearish,Bearish,Neutral,Negative,-0.018459311315611626,-0.031832781384243725,-0.057826352976558915,-1,-1,-1,FCL,,0,0,0
2025-02-21,Indicator,EMA_Trend,Bearish,Bearish,Bearish,Neutral,Negative,-0.013624977775050007,-0.04010739658048512,-0.06390326108828803,-1,-1,-1,FCL,,1,1,1
2025-02-21,Indicator,MACD_Trend,Bearish,Bearish,Bearish,Neutral,Negative,-0.013624977775050007,-0.04010739658048512,-0.06390326108828803,-1,-1,-1,FCL,,1,1,1
2025-02-21,Indicator,CMF_State,Negative,Bearish,Bearish,Neutral,Negative,-0.013624977775050007,-0.04010739658048512,-0.06390326108828803,-1,-1,-1,FCL,,0,0,0
2025-02-24,Indicator,EMA_Trend,Bearish,Bearish,Bearish,Neutral,Negative,-0.02684822527814945,-0.050972786395002356,-0.11108950603796819,-1,-1,-1,FCL,,1,1,1
2025-02-24,Indicator,MACD_Trend,Bearish,Bearish,Bearish,Neutral,Negative,-0.02684822527814945,-0.050972786395002356,-0.11108950603796819,-1,-1,-1,FCL,,1,1,1
2025-02-24,Indicator,CMF_State,Negative,Bearish,Bearish,Neutral,Negative,-0.02684822527814945,-0.050972786395002356,-0.11108950603796819,-1,-1,-1,FCL,,0,0,0
2025-02-25,Indicator,EMA_Trend,Bearish,Bearish,Bearish,Oversold,Negative,-0.0247901321700289,-0.08656540834434256,-0.09184326533441145,-1,-1,-1,FCL,,1,1,1
2025-02-25,Indicator,MACD_Trend,Bearish,Bearish,Bearish,Oversold,Negative,-0.0247901321700289,-0.08656540834434256,-0.09184326533441145,-1,-1,-1,FCL,,1,1,1
2025-02-25,Indicator,RSI_State,Oversold,Bearish,Bearish,Oversold,Negative,-0.0247901321700289,-0.08656540834434256,-0.09184326533441145,-1,-1,-1,FCL,,0,0,0
2025-02-25,Indicator,CMF_State,Negative,Bearish,Bearish,Oversold,Negative,-0.0247901321700289,-0.08656540834434256,-0.09184326533441145,-1,-1,-1,FCL,,0,0,0
2025-02-27,Candlestick,CDL_HAMMER,Bullish,Bearish,Bearish,Oversold,Negative,-0.0633456225292055,-0.06875764425311703,-0.10139399896022527,-1,-1,-1,FCL,,0,0,0
2025-02-27,Indicator,EMA_Trend,Bearish,Bearish,Bearish,Oversold,Negative,-0.0633456225292055,-0.06875764425311703,-0.10139399896022527,-1,-1,-1,FCL,,1,1,1
2025-02-27,Indicator,MACD_Trend,Bearish,Bearish,Bearish,Oversold,Negative,-0.0633456225292055,-0.06875764425311703,-0.10139399896022527,-1,-1,-1,FCL,,1,1,1
2025-02-27,Indicator,RSI_State,Oversold,Bearish,Bearish,Oversold,Negative,-0.0633456225292055,-0.06875764425311703,-0.10139399896022527,-1,-1,-1,FCL,,0,0,0
2025-02-27,Indicator,CMF_State,Negative,Bearish,Bearish,Oversold,Negative,-0.0633456225292055,-0.06875764425311703,-0.10139399896022527,-1,-1,-1,FCL,,0,0,0
2025-02-28,Indicator,EMA_Trend,Bearish,Bearish,Bearish,Oversold,Negative,-0.005778034944464272,-0.04062157541371891,-0.00035019405613212484,-1,-1,-1,FCL,,1,1,1
2025-02-28,Indicator,MACD_Trend,Bearish,Bearish,Bearish,Oversold,Negative,-0.005778034944464272,-0.04062157541371891,-0.00035019405613212484,-1,-1,-1,FCL,,1,1,1
2025-02-28,Indicator,RSI_State,Oversold,Bearish,Bearish,Oversold,Negative,-0.005778034944464272,-0.04062157541371891,-0.00035019405613212484,-1,-1,-1,FCL,,0,0,0
2025-02-28,Indicator,CMF_State,Negative,Bearish,Bearish,Oversold,Negative,-0.005778034944464272,-0.04062157541371891,-0.00035019405613212484,-1,-1,-1,FCL,,0,0,0
2025-03-03,Indicator,EMA_Trend,Bearish,Bearish,Bearish,Oversold,Negative,-0.0350460376997489,0.005459385407994732,0.0441597259880826,-1,1,1,FCL,,1,0,0
2025-03-03,Indicator,MACD_Trend,Bearish,Bearish,Bearish,Oversold,Negative,-0.0350460376997489,0.005459385407994732,0.0441597259880826,-1,1,1,FCL,,1,0,0
2025-03-03,Indicator,RSI_State,Oversold,Bearish,Bearish,Oversold,Negative,-0.0350460376997489,0.005459385407994732,0.0441597259880826,-1,1,1,FCL,,0,0,0
2025-03-03,Indicator,CMF_State,Negative,Bearish,Bearish,Oversold,Negative,-0.0350460376997489,0.005459385407994732,0.0441597259880826,-1,1,1,FCL,,0,0,0
2025-03-04,Indicator,EMA_Trend,Bearish,Bearish,Bearish,Oversold,Negative,0.041976534311737534,0.08208242753780826,0.08746634269791032,1,1,1,FCL,,0,0,0
2025-03-04,Indicator,MACD_Trend,Bearish,Bearish,Bearish,Oversold,Negative,0.041976534311737534,0.08208242753780826,0.08746634269791032,1,1,1,FCL,,0,0,0
2025-03-04,Indicator,RSI_State,Oversold,Bearish,Bearish,Oversold,Negative,0.041976534311737534,0.08208242753780826,0.08746634269791032,1,1,1,FCL,,0,0,0
2025-03-04,Indicator,CMF_State,Negative,Bearish,Bearish,Oversold,Negative,0.041976534311737534,0.08208242753780826,0.08746634269791032,1,1,1,FCL,,0,0,0
2025-03-05,Candlestick,CDL_BULLISH_ENGULFING,Bullish,Bearish,Bearish,Oversold,Negative,0.038490207701809886,0.043657229206433446,0.002758702527839496,1,1,1,FCL,,1,1,1
2025-03-05,Indicator,EMA_Trend,Bearish,Bearish,Bearish,Oversold,Negative,0.038490207701809886,0.043657229206433446,0.002758702527839496,1,1,1,FCL,,0,0,0
2025-03-05,Indicator,MACD_Trend,Bearish,Bearish,Bearish,Oversold,Negative,0.038490207701809886,0.043657229206433446,0.002758702527839496,1,1,1,FCL,,0,0,0
2025-03-05,Indicator,RSI_State,Oversold,Bearish,Bearish,Oversold,Negative,0.038490207701809886,0.043657229206433446,0.002758702527839496,1,1,1,FCL,,0,0,0
2025-03-05,Indicator,CMF_State,Negative,Bearish,Bearish,Oversold,Negative,0.038490207701809886,0.043657229206433446,0.002758702527839496,1,1,1,FCL,,0,0,0
2025-03-06,Candlestick,CDL_THREE_OUTSIDE_UP,Bullish,Bearish,Bearish,Neutral,Negative,0.004975512976726382,-0.03440716620048301,-0.08791535580013488,1,-1,-1,FCL,,1,0,0
2025-03-06,Indicator,EMA_Trend,Bearish,Bearish,Bearish,Neutral,Negative,0.004975512976726382,-0.03440716620048301,-0.08791535580013488,1,-1,-1,FCL,,0,1,1
2025-03-06,Indicator,MACD_Trend,Bearish,Bearish,Bearish,Neutral,Negative,0.004975512976726382,-0.03440716620048301,-0.08791535580013488,1,-1,-1,FCL,,0,1,1
2025-03-06,Indicator,CMF_State,Negative,Bearish,Bearish,Neutral,Negative,0.004975512976726382,-0.03440716620048301,-0.08791535580013488,1,-1,-1,FCL,,0,0,0
2025-03-07,Indicator,EMA_Trend,Bearish,Bearish,Bearish,Neutral,Negative,-0.03918770026600782,-0.09243097725010185,-0.08672484050743134,-1,-1,-1,FCL,,1,1,1
2025-03-07,Indicator,MACD_Trend,Bearish,Bearish,Bearish,Neutral,Negative,-0.03918770026600782,-0.09243097725010185,-0.08672484050743134,-1,-1,-1,FCL,,1,1,1
2025-03-07,Indicator,CMF_State,Negative,Bearish,Bearish,Neutral,Negative,-0.03918770026600782,-0.09243097725010185,-0.08672484050743134,-1,-1,-1,FCL,,0,0,0
2025-03-10,Candlestick,CDL_EVENING_STAR,Bearish,Bearish,Bearish,Neutral,Negative,-0.05541485782273481,-0.04947599052862306,-0.03751090103882382,-1,-1,-1,FCL,,1,1,1
2025-03-10,Indicator,EMA_Trend,Bearish,Bearish,Bearish,Neutral,Negative,-0.05541485782273481,-0.04947599052862306,-0.03751090103882382,-1,-1,-1,FCL,,1,1,1
2025-03-10,Indicator,MACD_Trend,Bearish,Bearish,Bearish,Neutral,Negative,-0.05541485782273481,-0.04947599052862306,-0.03751090103882382,-1,-1,-1,FCL,,1,1,1
2025-03-10,Indicator,CMF_State,Negative,Bearish,Bearish,Neutral,Negative,-0.05541485782273481,-0.04947599052862306,-0.03751090103882382,-1,-1,-1,FCL,,0,0,0
2025-03-11,Indicator,EMA_Trend,Bearish,Bearish,Bearish,Oversold,Negative,0.006287275787995927,0.018954307012115867,-0.000739696102423415,1,1,-1,FCL,,0,0,1
2025-03-11,Indicator,MACD_Trend,Bearish,Bearish,Bearish,Oversold,Negative,0.006287275787995927,0.018954307012115867,-0.000739696102423415,1,1,-1,FCL,,0,0,1
2025-03-11,Indicator,RSI_State,Oversold,Bearish,Bearish,Oversold,Negative,0.006287275787995927,0.018954307012115867,-0.000739696102423415,1,1,-1,FCL,,0,0,0
2025-03-11,Indicator,CMF_State,Negative,Bearish,Bearish,Oversold,Negative,0.006287275787995927,0.018954307012115867,-0.000739696102423415,1,1,-1,FCL,,0,0,0
2025-03-12,Candlestick,CDL_HARAMI,Bullish,Bearish,Bearish,Oversold,Negative,0.012587887702545819,-0.0069830674197054465,-0.0069830674197054465,1,-1,-1,FCL,,1,0,0
2025-03-12,Candlestick,CDL_HARAMI_CROSS,Bullish,Bearish,Bearish,Oversold,Negative,0.012587887702545819,-0.0069830674197054465,-0.0069830674197054465,1,-1,-1,FCL,,1,0,0
2025-03-12,Indicator,EMA_Trend,Bearish,Bearish,Bearish,Oversold,Negative,0.012587887702545819,-0.0069830674197054465,-0.0069830674197054465,1,-1,-1,FCL,,0,1,1
2025-03-12,Indicator,MACD_Trend,Bearish,Bearish,Bearish,Oversold,Negative,0.012587887702545819,-0.0069830674197054465,-0.0069830674197054465,1,-1,-1,FCL,,0,1,1
2025-03-12,Indicator,RSI_State,Oversold,Bearish,Bearish,Oversold,Negative,0.012587887702545819,-0.0069830674197054465,-0.0069830674197054465,1,-1,-1,FCL,,0,0,0
2025-03-12,Indicator,CMF_State,Negative,Bearish,Bearish,Oversold,Negative,0.012587887702545819,-0.0069830674197054465,-0.0069830674197054465,1,-1,-1,FCL,,0,0,0
2025-03-13,Indicator,EMA_Trend,Bearish,Bearish,Bearish,Neutral,Negative,-0.01932766069980918,-0.01932766069980918,0.020098873019268826,-1,-1,1,FCL,,1,1,0
2025-03-13,Indicator,MACD_Trend,Bearish,Bearish,Bearish,Neutral,Negative,-0.01932766069980918,-0.01932766069980918,0.020098873019268826,-1,-1,1,FCL,,1,1,0
2025-03-13,Indicator,CMF_State,Negative,Bearish,Bearish,Neutral,Negative,-0.01932766069980918,-0.01932766069980918,0.020098873019268826,-1,-1,1,FCL,,0,0,0
2025-03-17,Candlestick,CDL_BULLISH_ENGULFING,Bearish,Bearish,Bullish,Oversold,Negative,0.0,0.040203574771174644,0.04603290533422966,0,1,1,FCL,,0,0,0
2025-03-17,Indicator,EMA_Trend,Bearish,Bearish,Bullish,Oversold,Negative,0.0,0.040203574771174644,0.04603290533422966,0,1,1,FCL,,0,0,0
2025-03-17,Indicator,MACD_Trend,Bullish,Bearish,Bullish,Oversold,Negative,0.0,0.040203574771174644,0.04603290533422966,0,1,1,FCL,,0,1,1
2025-03-17,Indicator,RSI_State,Oversold,Bearish,Bullish,Oversold,Negative,0.0,0.040203574771174644,0.04603290533422966,0,1,1,FCL,,0,0,0
2025-03-17,Indicator,CMF_State,Negative,Bearish,Bullish,Oversold,Negative,0.0,0.040203574771174644,0.04603290533422966,0,1,1,FCL,,0,0,0
2025-03-18,Indicator,EMA_Trend,Bearish,Bearish,Bullish,Oversold,Negative,0.040203574771174644,0.04603290533422966,0.07138565056800239,1,1,1,FCL,,0,0,0
2025-03-18,Indicator,MACD_Trend,Bullish,Bearish,Bullish,Oversold,Negative,0.040203574771174644,0.04603290533422966,0.07138565056800239,1,1,1,FCL,,1,1,1
2025-03-18,Indicator,RSI_State,Oversold,Bearish,Bullish,Oversold,Negative,0.040203574771174644,0.04603290533422966,0.07138565056800239,1,1,1,FCL,,0,0,0
2025-03-18,Indicator,CMF_State,Negative,Bearish,Bullish,Oversold,Negative,0.040203574771174644,0.04603290533422966,0.07138565056800239,1,1,1,FCL,,0,0,0
2025-03-19,Indicator,EMA_Trend,Bearish,Bearish,Bullish,Neutral,Negative,0.005604028580979747,0.029976897362314237,0.06773710742923322,1,1,1,FCL,,0,0,0
2025-03-19,Indicator,MACD_Trend,Bullish,Bearish,Bullish,Neutral,Negative,0.005604028580979747,0.029976897362314237,0.06773710742923322,1,1,1,FCL,,1,1,1
2025-03-19,Indicator,CMF_State,Negative,Bearish,Bullish,Neutral,Negative,0.005604028580979747,0.029976897362314237,0.06773710742923322,1,1,1,FCL,,0,0,0
2025-03-20,Indicator,EMA_Trend,Bearish,Bearish,Bullish,Neutral,Negative,0.024237043695744864,0.06178682372218636,0.0268464922670133,1,1,1,FCL,,0,0,0
2025-03-20,Indicator,MACD_Trend,Bullish,Bearish,Bullish,Neutral,Negative,0.024237043695744864,0.06178682372218636,0.0268464922670133,1,1,1,FCL,,1,1,1
2025-03-20,Indicator,CMF_State,Negative,Bearish,Bullish,Neutral,Negative,0.024237043695744864,0.06178682372218636,0.0268464922670133,1,1,1,FCL,,0,0,0
2025-03-21,Indicator,EMA_Trend,Bearish,Bearish,Bullish,Neutral,Negative,0.036661220425059815,0.0025476998584750277,-0.025477196254526713,1,1,-1,FCL,,0,0,1
2025-03-21,Indicator,MACD_Trend,Bullish,Bearish,Bullish,Neutral,Negative,0.036661220425059815,0.0025476998584750277,-0.025477196254526713,1,1,-1,FCL,,1,1,0
2025-03-21,Indicator,CMF_State,Negative,Bearish,Bullish,Neutral,Negative,0.036661220425059815,0.0025476998584750277,-0.025477196254526713,1,1,-1,FCL,,0,0,0
2025-03-24,Indicator,EMA_Trend,Bearish,Bearish,Bullish,Neutral,Negative,-0.03290710590350565,-0.05994090977388744,-0.004248778445211654,-1,-1,-1,FCL,,1,1,1
2025-03-24,Indicator,MACD_Trend,Bullish,Bearish,Bullish,Neutral,Negative,-0.03290710590350565,-0.05994090977388744,-0.004248778445211654,-1,-1,-1,FCL,,0,0,0
2025-03-24,Indicator,CMF_State,Negative,Bearish,Bullish,Neutral,Negative,-0.03290710590350565,-0.05994090977388744,-0.004248778445211654,-1,-1,-1,FCL,,0,0,0
2025-03-25,Candlestick,CDL_BULLISH_ENGULFING,Bearish,Bearish,Bullish,Neutral,Negative,-0.027953678530166615,0.029633479506710803,-0.010078805859264683,-1,1,-1,FCL,,1,0,1
2025-03-25,Indicator,EMA_Trend,Bearish,Bearish,Bullish,Neutral,Negative,-0.027953678530166615,0.029633479506710803,-0.010078805859264683,-1,1,-1,FCL,,1,0,1
2025-03-25,Indicator,MACD_Trend,Bullish,Bearish,Bullish,Neutral,Negative,-0.027953678530166615,0.029633479506710803,-0.010078805859264683,-1,1,-1,FCL,,0,1,0
2025-03-25,Indicator,CMF_State,Negative,Bearish,Bullish,Neutral,Negative,-0.027953678530166615,0.029633479506710803,-0.010078805859264683,-1,1,-1,FCL,,0,0,0
2025-03-26,Candlestick,CDL_THREE_OUTSIDE_UP,Bearish,Bearish,Bullish,Neutral,Negative,0.05924322407783977,0.018388910359614652,0.05060268432452797,1,1,1,FCL,,0,0,0
2025-03-26,Indicator,EMA_Trend,Bearish,Bearish,Bullish,Neutral,Negative,0.05924322407783977,0.018388910359614652,0.05060268432452797,1,1,1,FCL,,0,0,0
2025-03-26,Indicator,MACD_Trend,Bullish,Bearish,Bullish,Neutral,Negative,0.05924322407783977,0.018388910359614652,0.05060268432452797,1,1,1,FCL,,1,1,1
2025-03-26,Indicator,CMF_State,Negative,Bearish,Bullish,Neutral,Negative,0.05924322407783977,0.018388910359614652,0.05060268432452797,1,1,1,FCL,,0,0,0
2025-03-27,Candlestick,CDL_BULLISH_ENGULFING,Bullish,Bearish,Bullish,Neutral,Negative,-0.03856934157288783,-0.008157276399699542,-0.009830604783580887,-1,-1,-1,FCL,,0,0,0
2025-03-27,Indicator,EMA_Trend,Bearish,Bearish,Bullish,Neutral,Negative,-0.03856934157288783,-0.008157276399699542,-0.009830604783580887,-1,-1,-1,FCL,,1,1,1
2025-03-27,Indicator,MACD_Trend,Bullish,Bearish,Bullish,Neutral,Negative,-0.03856934157288783,-0.008157276399699542,-0.009830604783580887,-1,-1,-1,FCL,,0,0,0
2025-03-27,Indicator,CMF_State,Negative,Bearish,Bullish,Neutral,Negative,-0.03856934157288783,-0.008157276399699542,-0.009830604783580887,-1,-1,-1,FCL,,0,0,0
2025-03-28,Candlestick,CDL_DARKCLOUDCOVER,Bearish,Bearish,Bullish,Neutral,Negative,0.031632094219818274,0.029891637568873808,0.06008787994852516,1,1,1,FCL,,0,0,0
2025-03-28,Indicator,EMA_Trend,Bearish,Bearish,Bullish,Neutral,Negative,0.031632094219818274,0.029891637568873808,0.06008787994852516,1,1,1,FCL,,0,0,0
2025-03-28,Indicator,MACD_Trend,Bullish,Bearish,Bullish,Neutral,Negative,0.031632094219818274,0.029891637568873808,0.06008787994852516,1,1,1,FCL,,1,1,1
2025-03-28,Indicator,CMF_State,Negative,Bearish,Bullish,Neutral,Negative,0.031632094219818274,0.029891637568873808,0.06008787994852516,1,1,1,FCL,,0,0,0
2025-04-01,Candlestick,CDL_HARAMI,Bullish,Bearish,Bullish,Neutral,Negative,-0.0016870904469684644,0.027583269159755064,-0.03074655570333107,-1,1,-1,FCL,,0,1,0
2025-04-01,Indicator,EMA_Trend,Bearish,Bearish,Bullish,Neutral,Negative,-0.0016870904469684644,0.027583269159755064,-0.03074655570333107,-1,1,-1,FCL,,1,0,1
2025-04-01,Indicator,MACD_Trend,Bullish,Bearish,Bullish,Neutral,Negative,-0.0016870904469684644,0.027583269159755064,-0.03074655570333107,-1,1,-1,FCL,,0,1,0
2025-04-01,Indicator,CMF_State,Negative,Bearish,Bullish,Neutral,Negative,-0.0016870904469684644,0.027583269159755064,-0.03074655570333107,-1,1,-1,FCL,,0,0,0
2025-04-02,Indicator,EMA_Trend,Bearish,Bearish,Bullish,Neutral,Negative,0.029319824803055505,-0.029108574053573255,-0.09560621003713743,1,-1,-1,FCL,,0,1,1
2025-04-02,Indicator,MACD_Trend,Bullish,Bearish,Bullish,Neutral,Negative,0.029319824803055505,-0.029108574053573255,-0.09560621003713743,1,-1,-1,FCL,,1,0,0
2025-04-02,Indicator,CMF_State,Negative,Bearish,Bullish,Neutral,Negative,0.029319824803055505,-0.029108574053573255,-0.09560621003713743,1,-1,-1,FCL,,0,0,0
2025-04-03,Candlestick,CDL_BULLISH_ENGULFING,Bullish,Bearish,Bullish,Neutral,Negative,-0.056764085805700026,-0.12136755926574683,-0.08602859450982958,-1,-1,-1,FCL,,0,0,0
2025-04-03,Indicator,EMA_Trend,Bearish,Bearish,Bullish,Neutral,Negative,-0.056764085805700026,-0.12136755926574683,-0.08602859450982958,-1,-1,-1,FCL,,1,1,1
2025-04-03,Indicator,MACD_Trend,Bullish,Bearish,Bullish,Neutral,Negative,-0.056764085805700026,-0.12136755926574683,-0.08602859450982958,-1,-1,-1,FCL,,0,0,0
2025-04-03,Indicator,CMF_State,Negative,Bearish,Bullish,Neutral,Negative,-0.056764085805700026,-0.12136755926574683,-0.08602859450982958,-1,-1,-1,FCL,,0,0,0
2025-04-04,Indicator,EMA_Trend,Bearish,Bearish,Bullish,Neutral,Negative,-0.06849132066311348,-0.031025651444927083,-0.04921455845588296,-1,-1,-1,FCL,,1,1,1
2025-04-04,Indicator,MACD_Trend,Bullish,Bearish,Bullish,Neutral,Negative,-0.06849132066311348,-0.031025651444927083,-0.04921455845588296,-1,-1,-1,FCL,,0,0,0
2025-04-04,Indicator,CMF_State,Negative,Bearish,Bullish,Neutral,Negative,-0.06849132066311348,-0.031025651444927083,-0.04921455845588296,-1,-1,-1,FCL,,0,0,0
2025-04-07,Indicator,EMA_Trend,Bearish,Bearish,Bullish,Neutral,Negative,0.040220418820849924,0.020694130537734834,0.06306348174947107,1,1,1,FCL,,0,0,0
2025-04-07,Indicator,MACD_Trend,Bullish,Bearish,Bullish,Neutral,Negative,0.040220418820849924,0.020694130537734834,0.06306348174947107,1,1,1,FCL,,1,1,1
2025-04-07,Indicator,CMF_State,Negative,Bearish,Bullish,Neutral,Negative,0.040220418820849924,0.020694130537734834,0.06306348174947107,1,1,1,FCL,,0,0,0
2025-04-08,Indicator,EMA_Trend,Bearish,Bearish,Bullish,Neutral,Negative,-0.01877129878420314,0.02195982939319241,0.07113351947941937,-1,1,1,FCL,,1,0,0
2025-04-08,Indicator,MACD_Trend,Bullish,Bearish,Bullish,Neutral,Negative,-0.01877129878420314,0.02195982939319241,0.07113351947941937,-1,1,1,FCL,,0,1,1
2025-04-08,Indicator,CMF_State,Negative,Bearish,Bullish,Neutral,Negative,-0.01877129878420314,0.02195982939319241,0.07113351947941937,-1,1,1,FCL,,0,0,0
2025-04-09,Indicator,EMA_Trend,Bearish,Bearish,Bullish,Neutral,Negative,0.04151033100328938,0.09162473351240696,0.09826087515195936,1,1,1,FCL,,0,0,0
2025-04-09,Indicator,MACD_Trend,Bullish,Bearish,Bullish,Neutral,Negative,0.04151033100328938,0.09162473351240696,0.09826087515195936,1,1,1,FCL,,1,1,1
2025-04-09,Indicator,CMF_State,Negative,Bearish,Bullish,Neutral,Negative,0.04151033100328938,0.09162473351240696,0.09826087515195936,1,1,1,FCL,,0,0,0
2025-04-11,Indicator,EMA_Trend,Bearish,Bearish,Bullish,Neutral,Negative,0.04811704792293514,0.05448870016872709,0.09443243636125653,1,1,1,FCL,,0,0,0
2025-04-11,Indicator,MACD_Trend,Bullish,Bearish,Bullish,Neutral,Negative,0.04811704792293514,0.05448870016872709,0.09443243636125653,1,1,1,FCL,,1,1,1
2025-04-11,Indicator,CMF_State,Negative,Bearish,Bullish,Neutral,Negative,0.04811704792293514,0.05448870016872709,0.09443243636125653,1,1,1,FCL,,0,0,0
2025-04-15,Indicator,EMA_Trend,Bearish,Bearish,Bullish,Neutral,Negative,0.006079141884409278,0.04418913758735732,0.045153399382675596,1,1,1,FCL,,0,0,0
2025-04-15,Indicator,MACD_Trend,Bullish,Bearish,Bullish,Neutral,Negative,0.006079141884409278,0.04418913758735732,0.045153399382675596,1,1,1,FCL,,1,1,1
2025-04-15,Indicator,CMF_State,Negative,Bearish,Bullish,Neutral,Negative,0.006079141884409278,0.04418913758735732,0.045153399382675596,1,1,1,FCL,,0,0,0
2025-04-16,Indicator,EMA_Trend,Bearish,Bearish,Bullish,Neutral,Negative,0.03787971951348368,0.03883815484443809,0.0356294662177139,1,1,1,FCL,,0,0,0
2025-04-16,Indicator,MACD_Trend,Bullish,Bearish,Bullish,Neutral,Negative,0.03787971951348368,0.03883815484443809,0.0356294662177139,1,1,1,FCL,,1,1,1
2025-04-16,Indicator,CMF_State,Negative,Bearish,Bullish,Neutral,Negative,0.03787971951348368,0.03883815484443809,0.0356294662177139,1,1,1,FCL,,0,0,0
2025-04-17,Candlestick,CDL_BULLISH_ENGULFING,Bullish,Bearish,Bullish,Neutral,Negative,0.0009234551103896038,-0.002168125316895919,0.0009636452883512447,1,-1,1,FCL,,1,0,1
2025-04-17,Indicator,EMA_Trend,Bearish,Bearish,Bullish,Neutral,Negative,0.0009234551103896038,-0.002168125316895919,0.0009636452883512447,1,-1,1,FCL,,0,1,0
2025-04-17,Indicator,MACD_Trend,Bullish,Bearish,Bullish,Neutral,Negative,0.0009234551103896038,-0.002168125316895919,0.0009636452883512447,1,-1,1,FCL,,1,0,1
2025-04-17,Indicator,CMF_State,Negative,Bearish,Bullish,Neutral,Negative,0.0009234551103896038,-0.002168125316895919,0.0009636452883512447,1,-1,1,FCL,,0,0,0
2025-04-21,Candlestick,CDL_THREE_OUTSIDE_UP,Bullish,Bearish,Bullish,Neutral,Positive,-0.003088728125513307,4.015309837779313e-05,0.005936904914708441,-1,1,1,FCL,,0,1,1
2025-04-21,Indicator,EMA_Trend,Bearish,Bearish,Bullish,Neutral,Positive,-0.003088728125513307,4.015309837779313e-05,0.005936904914708441,-1,1,1,FCL,,1,0,0
2025-04-21,Indicator,MACD_Trend,Bullish,Bearish,Bullish,Neutral,Positive,-0.003088728125513307,4.015309837779313e-05,0.005936904914708441,-1,1,1,FCL,,0,1,1
2025-04-21,Indicator,CMF_State,Positive,Bearish,Bullish,Neutral,Positive,-0.003088728125513307,4.015309837779313e-05,0.005936904914708441,-1,1,1,FCL,,0,0,0
2025-04-22,Indicator,EMA_Trend,Bearish,Bearish,Bullish,Neutral,Negative,0.003138575430096102,0.009053597140346259,-0.027724123898270503,1,1,-1,FCL,,0,0,1
2025-04-22,Indicator,MACD_Trend,Bullish,Bearish,Bullish,Neutral,Negative,0.003138575430096102,0.009053597140346259,-0.027724123898270503,1,1,-1,FCL,,1,1,0
2025-04-22,Indicator,CMF_State,Negative,Bearish,Bullish,Neutral,Negative,0.003138575430096102,0.009053597140346259,-0.027724123898270503,1,1,-1,FCL,,0,0,0
2025-04-23,Indicator,EMA_Trend,Bearish,Bearish,Bullish,Neutral,Positive,0.005896515052981721,-0.030766137485176537,-0.02326515435522747,1,-1,-1,FCL,,0,1,1
2025-04-23,Indicator,MACD_Trend,Bullish,Bearish,Bullish,Neutral,Positive,0.005896515052981721,-0.030766137485176537,-0.02326515435522747,1,-1,-1,FCL,,1,0,0
2025-04-23,Indicator,CMF_State,Positive,Bearish,Bullish,Neutral,Positive,0.005896515052981721,-0.030766137485176537,-0.02326515435522747,1,-1,-1,FCL,,0,0,0
2025-04-24,Candlestick,CDL_BULLISH_ENGULFING,Bullish,Bearish,Bullish,Neutral,Positive,-0.036447737902966404,-0.028990725160901065,-0.03764406540085907,-1,-1,-1,FCL,,0,0,0
2025-04-24,Indicator,EMA_Trend,Bearish,Bearish,Bullish,Neutral,Positive,-0.036447737902966404,-0.028990725160901065,-0.03764406540085907,-1,-1,-1,FCL,,1,1,1
2025-04-24,Indicator,MACD_Trend,Bullish,Bearish,Bullish,Neutral,Positive,-0.036447737902966404,-0.028990725160901065,-0.03764406540085907,-1,-1,-1,FCL,,0,0,0
2025-04-24,Indicator,CMF_State,Positive,Bearish,Bullish,Neutral,Positive,-0.036447737902966404,-0.028990725160901065,-0.03764406540085907,-1,-1,-1,FCL,,0,0,0
2025-04-25,Indicator,EMA_Trend,Bearish,Bearish,Bullish,Neutral,Positive,0.007739084879356817,-0.0012415802909216955,-0.016305932052259386,1,-1,-1,FCL,,0,1,1
2025-04-25,Indicator,MACD_Trend,Bullish,Bearish,Bullish,Neutral,Positive,0.007739084879356817,-0.0012415802909216955,-0.016305932052259386,1,-1,-1,FCL,,1,0,0
2025-04-25,Indicator,CMF_State,Positive,Bearish,Bullish,Neutral,Positive,0.007739084879356817,-0.0012415802909216955,-0.016305932052259386,1,-1,-1,FCL,,0,0,0
2025-04-28,Indicator,EMA_Trend,Bearish,Bearish,Bullish,Neutral,Positive,-0.008911696792383239,-0.023860359583547264,-0.024928161495764933,-1,-1,-1,FCL,,1,1,1
2025-04-28,Indicator,MACD_Trend,Bullish,Bearish,Bullish,Neutral,Positive,-0.008911696792383239,-0.023860359583547264,-0.024928161495764933,-1,-1,-1,FCL,,0,0,0
2025-04-28,Indicator,CMF_State,Positive,Bearish,Bullish,Neutral,Positive,-0.008911696792383239,-0.023860359583547264,-0.024928161495764933,-1,-1,-1,FCL,,0,0,0
2025-04-29,Indicator,EMA_Trend,Bearish,Bearish,Bullish,Neutral,Positive,-0.01508307861447189,-0.016160482019155098,0.016947732593786125,-1,-1,1,FCL,,1,1,0
2025-04-29,Indicator,MACD_Trend,Bullish,Bearish,Bullish,Neutral,Positive,-0.01508307861447189,-0.016160482019155098,0.016947732593786125,-1,-1,1,FCL,,0,0,1
2025-04-29,Indicator,CMF_State,Positive,Bearish,Bullish,Neutral,Positive,-0.01508307861447189,-0.016160482019155098,0.016947732593786125,-1,-1,1,FCL,,0,0,0
2025-04-30,Indicator,EMA_Trend,Bearish,Bearish,Bullish,Neutral,Positive,-0.0010939028270198214,0.03252133303101212,-0.028145914311458742,-1,1,-1,FCL,,1,0,1
2025-04-30,Indicator,MACD_Trend,Bullish,Bearish,Bullish,Neutral,Positive,-0.0010939028270198214,0.03252133303101212,-0.028145914311458742,-1,1,-1,FCL,,0,1,0
2025-04-30,Indicator,CMF_State,Positive,Bearish,Bullish,Neutral,Positive,-0.0010939028270198214,0.03252133303101212,-0.028145914311458742,-1,1,-1,FCL,,0,0,0
2025-05-02,Indicator,EMA_Trend,Bearish,Bearish,Bullish,Neutral,Positive,0.033652047928395934,-0.027081636162797795,-0.005011949708654262,1,-1,-1,FCL,,0,1,1
2025-05-02,Indicator,MACD_Trend,Bullish,Bearish,Bullish,Neutral,Positive,0.033652047928395934,-0.027081636162797795,-0.005011949708654262,1,-1,-1,FCL,,1,0,0
2025-05-02,Indicator,CMF_State,Positive,Bearish,Bullish,Neutral,Positive,0.033652047928395934,-0.027081636162797795,-0.005011949708654262,1,-1,-1,FCL,,0,0,0
2025-05-05,Indicator,EMA_Trend,Bearish,Bearish,Bullish,Neutral,Positive,-0.05875641054735359,-0.037405234880092286,-0.060304796520981196,-1,-1,-1,FCL,,1,1,1
2025-05-05,Indicator,MACD_Trend,Bullish,Bearish,Bullish,Neutral,Positive,-0.05875641054735359,-0.037405234880092286,-0.060304796520981196,-1,-1,-1,FCL,,0,0,0
2025-05-05,Indicator,CMF_State,Positive,Bearish,Bullish,Neutral,Positive,-0.05875641054735359,-0.037405234880092286,-0.060304796520981196,-1,-1,-1,FCL,,0,0,0
2025-05-06,Candlestick,CDL_BULLISH_ENGULFING,Bearish,Bearish,Bearish,Neutral,Positive,0.022684006463913775,-0.0016450427827381375,4.326626335915407e-05,1,-1,1,FCL,,0,1,0
2025-05-06,Indicator,EMA_Trend,Bearish,Bearish,Bearish,Neutral,Positive,0.022684006463913775,-0.0016450427827381375,4.326626335915407e-05,1,-1,1,FCL,,0,1,0
2025-05-06,Indicator,MACD_Trend,Bearish,Bearish,Bearish,Neutral,Positive,0.022684006463913775,-0.0016450427827381375,4.326626335915407e-05,1,-1,1,FCL,,0,1,0
2025-05-06,Indicator,CMF_State,Positive,Bearish,Bearish,Neutral,Positive,0.022684006463913775,-0.0016450427827381375,4.326626335915407e-05,1,-1,1,FCL,,0,0,0
2025-05-07,Indicator,EMA_Trend,Bearish,Bearish,Bearish,Neutral,Positive,-0.02378941011385649,-0.022138549207236013,0.048890905538448104,-1,-1,1,FCL,,1,1,0
2025-05-07,Indicator,MACD_Trend,Bearish,Bearish,Bearish,Neutral,Positive,-0.02378941011385649,-0.022138549207236013,0.048890905538448104,-1,-1,1,FCL,,1,1,0
2025-05-07,Indicator,CMF_State,Positive,Bearish,Bearish,Neutral,Positive,-0.02378941011385649,-0.022138549207236013,0.048890905538448104,-1,-1,1,FCL,,0,0,0
2025-05-08,Indicator,EMA_Trend,Bearish,Bearish,Bearish,Neutral,Positive,0.0016910909630809545,0.07445147225946536,0.11603508079178981,1,1,1,FCL,,0,0,0
2025-05-08,Indicator,MACD_Trend,Bearish,Bearish,Bearish,Neutral,Positive,0.0016910909630809545,0.07445147225946536,0.11603508079178981,1,1,1,FCL,,0,0,0
2025-05-08,Indicator,CMF_State,Positive,Bearish,Bearish,Neutral,Positive,0.0016910909630809545,0.07445147225946536,0.11603508079178981,1,1,1,FCL,,0,0,0
2025-05-09,Indicator,EMA_Trend,Bearish,Bearish,Bearish,Neutral,Positive,0.07263754460112892,0.11415095018841792,0.10644566114628429,1,1,1,FCL,,0,0,0
2025-05-09,Indicator,MACD_Trend,Bearish,Bearish,Bearish,Neutral,Positive,0.07263754460112892,0.11415095018841792,0.10644566114628429,1,1,1,FCL,,0,0,0
2025-05-09,Indicator,CMF_State,Positive,Bearish,Bearish,Neutral,Positive,0.07263754460112892,0.11415095018841792,0.10644566114628429,1,1,1,FCL,,0,0,0
2025-05-12,Indicator,EMA_Trend,Bearish,Bearish,Bearish,Neutral,Positive,0.038702174649989596,0.03151867722262791,0.06114052046395235,1,1,1,FCL,,0,0,0
2025-05-12,Indicator,MACD_Trend,Bearish,Bearish,Bearish,Neutral,Positive,0.038702174649989596,0.03151867722262791,0.06114052046395235,1,1,1,FCL,,0,0,0
2025-05-12,Indicator,CMF_State,Positive,Bearish,Bearish,Neutral,Positive,0.038702174649989596,0.03151867722262791,0.06114052046395235,1,1,1,FCL,,0,0,0
2025-05-13,Indicator,EMA_Trend,Bearish,Bearish,Bullish,Neutral,Positive,-0.00691583940293794,0.02160229020558635,0.029139792748915427,-1,1,1,FCL,,1,0,0
2025-05-13,Indicator,MACD_Trend,Bullish,Bearish,Bullish,Neutral,Positive,-0.00691583940293794,0.02160229020558635,0.029139792748915427,-1,1,1,FCL,,0,1,1
2025-05-13,Indicator,CMF_State,Positive,Bearish,Bullish,Neutral,Positive,-0.00691583940293794,0.02160229020558635,0.029139792748915427,-1,1,1,FCL,,0,0,0
2025-05-14,Indicator,EMA_Trend,Bearish,Bearish,Bullish,Neutral,Positive,0.02871672990069496,0.03630672362166765,0.03896710178889595,1,1,1,FCL,,0,0,0
2025-05-14,Indicator,MACD_Trend,Bullish,Bearish,Bullish,Neutral,Positive,0.02871672990069496,0.03630672362166765,0.03896710178889595,1,1,1,FCL,,1,1,1
2025-05-14,Indicator,CMF_State,Positive,Bearish,Bullish,Neutral,Positive,0.02871672990069496,0.03630672362166765,0.03896710178889595,1,1,1,FCL,,0,0,0
2025-05-15,Indicator,EMA_Trend,Bearish,Bearish,Bullish,Neutral,Positive,0.007378118290839231,0.009964231736748763,-0.021297657456147423,1,1,-1,FCL,,0,0,1
2025-05-15,Indicator,MACD_Trend,Bullish,Bearish,Bullish,Neutral,Positive,0.007378118290839231,0.009964231736748763,-0.021297657456147423,1,1,-1,FCL,,1,1,0
2025-05-15,Indicator,CMF_State,Positive,Bearish,Bullish,Neutral,Positive,0.007378118290839231,0.009964231736748763,-0.021297657456147423,1,1,-1,FCL,,0,0,0
2025-05-16,Indicator,EMA_Trend,Bearish,Bearish,Bullish,Neutral,Positive,0.0025671725432125925,-0.028465752061042515,-0.12462250512351503,1,-1,-1,FCL,,0,1,1
2025-05-16,Indicator,MACD_Trend,Bullish,Bearish,Bullish,Neutral,Positive,0.0025671725432125925,-0.028465752061042515,-0.12462250512351503,1,-1,-1,FCL,,1,0,0
2025-05-16,Indicator,CMF_State,Positive,Bearish,Bullish,Neutral,Positive,0.0025671725432125925,-0.028465752061042515,-0.12462250512351503,1,-1,-1,FCL,,0,0,0
2025-05-19,Indicator,EMA_Trend,Bearish,Bearish,Bullish,Neutral,Positive,-0.03095346172719171,-0.12686399589973174,-0.11545414951039235,-1,-1,-1,FCL,,1,1,1
2025-05-19,Indicator,MACD_Trend,Bullish,Bearish,Bullish,Neutral,Positive,-0.03095346172719171,-0.12686399589973174,-0.11545414951039235,-1,-1,-1,FCL,,0,0,0
2025-05-19,Indicator,CMF_State,Positive,Bearish,Bullish,Neutral,Positive,-0.03095346172719171,-0.12686399589973174,-0.11545414951039235,-1,-1,-1,FCL,,0,0,0
2025-05-20,Indicator,EMA_Trend,Bearish,Bearish,Bullish,Neutral,Positive,-0.09897412599346078,-0.08719982420432704,-0.08467394729236832,-1,-1,-1,FCL,,1,1,1
2025-05-20,Indicator,MACD_Trend,Bullish,Bearish,Bullish,Neutral,Positive,-0.09897412599346078,-0.08719982420432704,-0.08467394729236832,-1,-1,-1,FCL,,0,0,0
2025-05-20,Indicator,CMF_State,Positive,Bearish,Bullish,Neutral,Positive,-0.09897412599346078,-0.08719982420432704,-0.08467394729236832,-1,-1,-1,FCL,,0,0,0
2025-05-21,Indicator,EMA_Trend,Bearish,Bearish,Bullish,Neutral,Negative,0.01306766223790845,0.015870996731208953,0.03368265719178787,1,1,1,FCL,,0,0,0
2025-05-21,Indicator,MACD_Trend,Bullish,Bearish,Bullish,Neutral,Negative,0.01306766223790845,0.015870996731208953,0.03368265719178787,1,1,1,FCL,,1,1,1
2025-05-21,Indicator,CMF_State,Negative,Bearish,Bullish,Neutral,Negative,0.01306766223790845,0.015870996731208953,0.03368265719178787,1,1,1,FCL,,0,0,0
2025-05-22,Candlestick,CDL_HARAMI,Bullish,Bearish,Bearish,Neutral,Negative,0.002767173998139194,0.02034908004894742,0.028480215475673365,1,1,1,FCL,,1,1,1
2025-05-22,Candlestick,CDL_HARAMI_CROSS,Bullish,Bearish,Bearish,Neutral,Negative,0.002767173998139194,0.02034908004894742,0.028480215475673365,1,1,1,FCL,,1,1,1
2025-05-22,Indicator,EMA_Trend,Bearish,Bearish,Bearish,Neutral,Negative,0.002767173998139194,0.02034908004894742,0.028480215475673365,1,1,1,FCL,,0,0,0
2025-05-22,Indicator,MACD_Trend,Bearish,Bearish,Bearish,Neutral,Negative,0.002767173998139194,0.02034908004894742,0.028480215475673365,1,1,1,FCL,,0,0,0
2025-05-22,Indicator,CMF_State,Negative,Bearish,Bearish,Neutral,Negative,0.002767173998139194,0.02034908004894742,0.028480215475673365,1,1,1,FCL,,0,0,0
2025-05-23,Indicator,EMA_Trend,Bearish,Bearish,Bearish,Neutral,Negative,0.017533388115116955,0.025642085365652267,0.020250495481474617,1,1,1,FCL,,0,0,0
2025-05-23,Indicator,MACD_Trend,Bearish,Bearish,Bearish,Neutral,Negative,0.017533388115116955,0.025642085365652267,0.020250495481474617,1,1,1,FCL,,0,0,0
2025-05-23,Indicator,CMF_State,Negative,Bearish,Bearish,Neutral,Negative,0.017533388115116955,0.025642085365652267,0.020250495481474617,1,1,1,FCL,,0,0,0
2025-05-26,Indicator,EMA_Trend,Bearish,Bearish,Bearish,Neutral,Negative,0.007968974134161755,0.002670288167537116,0.00751002631326303,1,1,1,FCL,,0,0,0
2025-05-26,Indicator,MACD_Trend,Bearish,Bearish,Bearish,Neutral,Negative,0.007968974134161755,0.002670288167537116,0.00751002631326303,1,1,1,FCL,,0,0,0
2025-05-26,Indicator,CMF_State,Negative,Bearish,Bearish,Neutral,Negative,0.007968974134161755,0.002670288167537116,0.00751002631326303,1,1,1,FCL,,0,0,0
2025-05-27,Candlestick,CDL_SHOOTING_STAR,Bearish,Bearish,Bearish,Neutral,Negative,-0.005256794705587375,-0.00045531939243781405,-0.012210757866465305,-1,-1,-1,FCL,,1,1,1
2025-05-27,Indicator,EMA_Trend,Bearish,Bearish,Bearish,Neutral,Negative,-0.005256794705587375,-0.00045531939243781405,-0.012210757866465305,-1,-1,-1,FCL,,1,1,1
2025-05-27,Indicator,MACD_Trend,Bearish,Bearish,Bearish,Neutral,Negative,-0.005256794705587375,-0.00045531939243781405,-0.012210757866465305,-1,-1,-1,FCL,,1,1,1
2025-05-27,Indicator,CMF_State,Negative,Bearish,Bearish,Neutral,Negative,-0.005256794705587375,-0.00045531939243781405,-0.012210757866465305,-1,-1,-1,FCL,,0,0,0
2025-05-28,Indicator,EMA_Trend,Bearish,Bearish,Bearish,Neutral,Negative,0.004826849067773642,-0.006990711898172464,0.034037917886485136,1,-1,1,FCL,,0,1,0
2025-05-28,Indicator,MACD_Trend,Bearish,Bearish,Bearish,Neutral,Negative,0.004826849067773642,-0.006990711898172464,0.034037917886485136,1,-1,1,FCL,,0,1,0
2025-05-28,Indicator,CMF_State,Negative,Bearish,Bearish,Neutral,Negative,0.004826849067773642,-0.006990711898172464,0.034037917886485136,1,-1,1,FCL,,0,0,0
2025-05-29,Indicator,EMA_Trend,Bearish,Bearish,Bearish,Neutral,Negative,-0.01176079339132896,0.029070748702437532,0.03478552801015944,-1,1,1,FCL,,1,0,0
2025-05-29,Indicator,MACD_Trend,Bearish,Bearish,Bearish,Neutral,Negative,-0.01176079339132896,0.029070748702437532,0.03478552801015944,-1,1,1,FCL,,1,0,0
2025-05-29,Indicator,CMF_State,Negative,Bearish,Bearish,Neutral,Negative,-0.01176079339132896,0.029070748702437532,0.03478552801015944,-1,1,1,FCL,,0,0,0
2025-05-30,Indicator,EMA_Trend,Bearish,Bearish,Bearish,Neutral,Negative,0.04131746830191818,0.04710025780217819,0.037420415510433847,1,1,1,FCL,,0,0,0
2025-05-30,Indicator,MACD_Trend,Bearish,Bearish,Bearish,Neutral,Negative,0.04131746830191818,0.04710025780217819,0.037420415510433847,1,1,1,FCL,,0,0,0
2025-05-30,Indicator,CMF_State,Negative,Bearish,Bearish,Neutral,Negative,0.04131746830191818,0.04710025780217819,0.037420415510433847,1,1,1,FCL,,0,0,0
2025-06-02,Indicator,EMA_Trend,Bearish,Bearish,Bearish,Neutral,Negative,0.005553339568661997,-0.003742425254652959,0.02132798008755654,1,-1,1,FCL,,0,1,0
2025-06-02,Indicator,MACD_Trend,Bearish,Bearish,Bearish,Neutral,Negative,0.005553339568661997,-0.003742425254652959,0.02132798008755654,1,-1,1,FCL,,0,1,0
2025-06-02,Indicator,CMF_State,Negative,Bearish,Bearish,Neutral,Negative,0.005553339568661997,-0.003742425254652959,0.02132798008755654,1,-1,1,FCL,,0,0,0
2025-06-03,Indicator,EMA_Trend,Bearish,Bearish,Bearish,Neutral,Negative,-0.009244427378961695,0.015687522380126717,0.017048160811561353,-1,1,1,FCL,,1,0,0
2025-06-03,Indicator,MACD_Trend,Bearish,Bearish,Bearish,Neutral,Negative,-0.009244427378961695,0.015687522380126717,0.017048160811561353,-1,1,1,FCL,,1,0,0
2025-06-03,Indicator,CMF_State,Negative,Bearish,Bearish,Neutral,Negative,-0.009244427378961695,0.015687522380126717,0.017048160811561353,-1,1,1,FCL,,0,0,0
2025-06-04,Candlestick,CDL_BULLISH_ENGULFING,Bearish,Bearish,Bullish,Neutral,Negative,0.025164581909068895,0.026537916028033237,0.02972890549671403,1,1,1,FCL,,0,0,0
2025-06-04,Indicator,EMA_Trend,Bearish,Bearish,Bullish,Neutral,Negative,0.025164581909068895,0.026537916028033237,0.02972890549671403,1,1,1,FCL,,0,0,0
2025-06-04,Indicator,MACD_Trend,Bullish,Bearish,Bullish,Neutral,Negative,0.025164581909068895,0.026537916028033237,0.02972890549671403,1,1,1,FCL,,1,1,1
2025-06-04,Indicator,CMF_State,Negative,Bearish,Bullish,Neutral,Negative,0.025164581909068895,0.026537916028033237,0.02972890549671403,1,1,1,FCL,,0,0,0
2025-06-05,Indicator,EMA_Trend,Bearish,Bearish,Bullish,Neutral,Negative,0.0013396230646274265,0.0044522837290628114,0.04779349676189626,1,1,1,FCL,,0,0,0
2025-06-05,Indicator,MACD_Trend,Bullish,Bearish,Bullish,Neutral,Negative,0.0013396230646274265,0.0044522837290628114,0.04779349676189626,1,1,1,FCL,,1,1,1
2025-06-05,Indicator,CMF_State,Negative,Bearish,Bullish,Neutral,Negative,0.0013396230646274265,0.0044522837290628114,0.04779349676189626,1,1,1,FCL,,0,0,0
2025-06-06,Indicator,EMA_Trend,Bearish,Bearish,Bullish,Neutral,Negative,0.0031084964508936164,0.04639172627074872,0.09144568170684697,1,1,1,FCL,,0,0,0
2025-06-06,Indicator,MACD_Trend,Bullish,Bearish,Bullish,Neutral,Negative,0.0031084964508936164,0.04639172627074872,0.09144568170684697,1,1,1,FCL,,1,1,1
2025-06-06,Indicator,CMF_State,Negative,Bearish,Bullish,Neutral,Negative,0.0031084964508936164,0.04639172627074872,0.09144568170684697,1,1,1,FCL,,0,0,0
2025-06-09,Indicator,EMA_Trend,Bearish,Bearish,Bullish,Neutral,Negative,0.04314910099256042,0.08806344036412805,0.04526736310544055,1,1,1,FCL,,0,0,0
2025-06-09,Indicator,MACD_Trend,Bullish,Bearish,Bullish,Neutral,Negative,0.04314910099256042,0.08806344036412805,0.04526736310544055,1,1,1,FCL,,1,1,1
2025-06-09,Indicator,CMF_State,Negative,Bearish,Bullish,Neutral,Negative,0.04314910099256042,0.08806344036412805,0.04526736310544055,1,1,1,FCL,,0,0,0
2025-06-10,Indicator,EMA_Trend,Bullish,Bullish,Bullish,Neutral,Negative,0.04305649051399385,0.002030641747056583,0.0,1,1,0,FCL,,1,1,0
2025-06-10,Indicator,MACD_Trend,Bullish,Bullish,Bullish,Neutral,Negative,0.04305649051399385,0.002030641747056583,0.0,1,1,0,FCL,,1,1,0
2025-06-10,Indicator,CMF_State,Negative,Bullish,Bullish,Neutral,Negative,0.04305649051399385,0.002030641747056583,0.0,1,1,0,FCL,,0,0,0
2025-06-11,Indicator,EMA_Trend,Bullish,Bullish,Bullish,Neutral,Negative,-0.03933233639792688,-0.04127915496961887,-0.05270745857605763,-1,-1,-1,FCL,,0,0,0
2025-06-11,Indicator,MACD_Trend,Bullish,Bullish,Bullish,Neutral,Negative,-0.03933233639792688,-0.04127915496961887,-0.05270745857605763,-1,-1,-1,FCL,,0,0,0
2025-06-11,Indicator,CMF_State,Negative,Bullish,Bullish,Neutral,Negative,-0.03933233639792688,-0.04127915496961887,-0.05270745857605763,-1,-1,-1,FCL,,0,0,0
2025-06-12,Candlestick,CDL_BULLISH_ENGULFING,Bearish,Bullish,Bullish,Neutral,Negative,-0.0020265265975459856,-0.013922735910543715,0.01778808200795967,-1,-1,1,FCL,,1,1,0
2025-06-12,Indicator,EMA_Trend,Bullish,Bullish,Bullish,Neutral,Negative,-0.0020265265975459856,-0.013922735910543715,0.01778808200795967,-1,-1,1,FCL,,0,0,1
2025-06-12,Indicator,MACD_Trend,Bullish,Bullish,Bullish,Neutral,Negative,-0.0020265265975459856,-0.013922735910543715,0.01778808200795967,-1,-1,1,FCL,,0,0,1
2025-06-12,Indicator,CMF_State,Negative,Bullish,Bullish,Neutral,Negative,-0.0020265265975459856,-0.013922735910543715,0.01778808200795967,-1,-1,1,FCL,,0,0,0
2025-06-13,Candlestick,CDL_THREE_OUTSIDE_UP,Bearish,Bullish,Bullish,Neutral,Negative,-0.01192036625226045,0.019854844976941788,0.005565415812772034,-1,1,1,FCL,,1,0,0
2025-06-13,Indicator,EMA_Trend,Bullish,Bullish,Bullish,Neutral,Negative,-0.01192036625226045,0.019854844976941788,0.005565415812772034,-1,1,1,FCL,,0,1,1
2025-06-13,Indicator,MACD_Trend,Bullish,Bullish,Bullish,Neutral,Negative,-0.01192036625226045,0.019854844976941788,0.005565415812772034,-1,1,1,FCL,,0,1,1
2025-06-13,Indicator,CMF_State,Negative,Bullish,Bullish,Neutral,Negative,-0.01192036625226045,0.019854844976941788,0.005565415812772034,-1,1,1,FCL,,0,0,0
2025-06-16,Candlestick,CDL_HARAMI,Bearish,Bullish,Bullish,Neutral,Negative,0.032158552958611475,0.017696733611145987,0.004985528656975768,1,1,1,FCL,,0,0,0
2025-06-16,Indicator,EMA_Trend,Bullish,Bullish,Bullish,Neutral,Negative,0.032158552958611475,0.017696733611145987,0.004985528656975768,1,1,1,FCL,,1,1,1
2025-06-16,Indicator,MACD_Trend,Bullish,Bullish,Bullish,Neutral,Negative,0.032158552958611475,0.017696733611145987,0.004985528656975768,1,1,1,FCL,,1,1,1
2025-06-16,Indicator,CMF_State,Negative,Bullish,Bullish,Neutral,Negative,0.032158552958611475,0.017696733611145987,0.004985528656975768,1,1,1,FCL,,0,0,0
2025-06-17,Indicator,EMA_Trend,Bullish,Bullish,Bullish,Neutral,Negative,-0.014011238201739218,-0.026326405205620906,0.023966668650836187,-1,-1,1,FCL,,0,0,1
2025-06-17,Indicator,MACD_Trend,Bullish,Bullish,Bullish,Neutral,Negative,-0.014011238201739218,-0.026326405205620906,0.023966668650836187,-1,-1,1,FCL,,0,0,1
2025-06-17,Indicator,CMF_State,Negative,Bullish,Bullish,Neutral,Negative,-0.014011238201739218,-0.026326405205620906,0.023966668650836187,-1,-1,1,FCL,,0,0,0
2025-06-18,Indicator,EMA_Trend,Bullish,Bullish,Bullish,Neutral,Positive,-0.012490169747392588,0.0385175859239113,0.049362333153894156,-1,1,1,FCL,,0,1,1
2025-06-18,Indicator,MACD_Trend,Bullish,Bullish,Bullish,Neutral,Positive,-0.012490169747392588,0.0385175859239113,0.049362333153894156,-1,1,1,FCL,,0,1,1
2025-06-18,Indicator,CMF_State,Positive,Bullish,Bullish,Neutral,Positive,-0.012490169747392588,0.0385175859239113,0.049362333153894156,-1,1,1,FCL,,0,0,0
2025-06-19,Indicator,EMA_Trend,Bullish,Bullish,Bullish,Neutral,Negative,0.05165290927610933,0.06263482246598473,0.04786603468882511,1,1,1,FCL,,1,1,1
2025-06-19,Indicator,MACD_Trend,Bullish,Bullish,Bullish,Neutral,Negative,0.05165290927610933,0.06263482246598473,0.04786603468882511,1,1,1,FCL,,1,1,1
2025-06-19,Indicator,CMF_State,Negative,Bullish,Bullish,Neutral,Negative,0.05165290927610933,0.06263482246598473,0.04786603468882511,1,1,1,FCL,,0,0,0
2025-06-20,Candlestick,CDL_BULLISH_ENGULFING,Bullish,Bullish,Bullish,Neutral,Positive,0.010442526324997203,-0.003600878725178114,0.0001080219661513393,1,-1,1,FCL,,1,0,1
2025-06-20,Indicator,EMA_Trend,Bullish,Bullish,Bullish,Neutral,Positive,0.010442526324997203,-0.003600878725178114,0.0001080219661513393,1,-1,1,FCL,,1,0,1
2025-06-20,Indicator,MACD_Trend,Bullish,Bullish,Bullish,Neutral,Positive,0.010442526324997203,-0.003600878725178114,0.0001080219661513393,1,-1,1,FCL,,1,0,1
2025-06-20,Indicator,CMF_State,Positive,Bullish,Bullish,Neutral,Positive,0.010442526324997203,-0.003600878725178114,0.0001080219661513393,1,-1,1,FCL,,0,0,0
2025-06-23,Indicator,EMA_Trend,Bullish,Bullish,Bullish,Neutral,Negative,-0.013898271979160937,-0.010227701318582194,-0.01739059413413424,-1,-1,-1,FCL,,0,0,0
2025-06-23,Indicator,MACD_Trend,Bullish,Bullish,Bullish,Neutral,Negative,-0.013898271979160937,-0.010227701318582194,-0.01739059413413424,-1,-1,-1,FCL,,0,0,0
2025-06-23,Indicator,CMF_State,Negative,Bullish,Bullish,Neutral,Negative,-0.013898271979160937,-0.010227701318582194,-0.01739059413413424,-1,-1,-1,FCL,,0,0,0
2025-06-24,Indicator,EMA_Trend,Bullish,Bullish,Bullish,Neutral,Negative,0.0037223042575391663,-0.003541543489618104,0.014925391241186858,1,-1,1,FCL,,1,0,1
2025-06-24,Indicator,MACD_Trend,Bullish,Bullish,Bullish,Neutral,Negative,0.0037223042575391663,-0.003541543489618104,0.014925391241186858,1,-1,1,FCL,,1,0,1
2025-06-24,Indicator,CMF_State,Negative,Bullish,Bullish,Neutral,Negative,0.0037223042575391663,-0.003541543489618104,0.014925391241186858,1,-1,1,FCL,,0,0,0
2025-06-25,Indicator,EMA_Trend,Bullish,Bullish,Bullish,Neutral,Negative,-0.007236909767119659,0.011161540334539755,0.00698495898905005,-1,1,1,FCL,,0,1,1
2025-06-25,Indicator,MACD_Trend,Bullish,Bullish,Bullish,Neutral,Negative,-0.007236909767119659,0.011161540334539755,0.00698495898905005,-1,1,1,FCL,,0,1,1
2025-06-25,Indicator,CMF_State,Negative,Bullish,Bullish,Neutral,Negative,-0.007236909767119659,0.011161540334539755,0.00698495898905005,-1,1,1,FCL,,0,0,0
2025-06-26,Indicator,EMA_Trend,Bullish,Bullish,Bullish,Neutral,Negative,0.01853256862857733,0.014325541406694953,0.011678094847872078,1,1,1,FCL,,1,1,1
2025-06-26,Indicator,MACD_Trend,Bullish,Bullish,Bullish,Neutral,Negative,0.01853256862857733,0.014325541406694953,0.011678094847872078,1,1,1,FCL,,1,1,1
2025-06-26,Indicator,CMF_State,Negative,Bullish,Bullish,Neutral,Negative,0.01853256862857733,0.014325541406694953,0.011678094847872078,1,1,1,FCL,,0,0,0
2025-06-27,Indicator,EMA_Trend,Bullish,Bullish,Bullish,Neutral,Negative,-0.004130478839323604,-0.006729754150065714,-0.006729754150065714,-1,-1,-1,FCL,,0,0,0
2025-06-27,Indicator,MACD_Trend,Bullish,Bullish,Bullish,Neutral,Negative,-0.004130478839323604,-0.006729754150065714,-0.006729754150065714,-1,-1,-1,FCL,,0,0,0
2025-06-27,Indicator,CMF_State,Negative,Bullish,Bullish,Neutral,Negative,-0.004130478839323604,-0.006729754150065714,-0.006729754150065714,-1,-1,-1,FCL,,0,0,0
2025-06-30,Indicator,EMA_Trend,Bullish,Bullish,Bullish,Neutral,Negative,-0.002610056092200441,-0.002610056092200441,-0.011191379307710969,-1,-1,-1,FCL,,0,0,0
2025-06-30,Indicator,MACD_Trend,Bullish,Bullish,Bullish,Neutral,Negative,-0.002610056092200441,-0.002610056092200441,-0.011191379307710969,-1,-1,-1,FCL,,0,0,0
2025-06-30,Indicator,CMF_State,Negative,Bullish,Bullish,Neutral,Negative,-0.002610056092200441,-0.002610056092200441,-0.011191379307710969,-1,-1,-1,FCL,,0,0,0
2025-07-01,Indicator,EMA_Trend,Bullish,Bullish,Bullish,Neutral,Negative,0.0,-0.00860377956277436,-0.015594213705526383,0,-1,-1,FCL,,0,0,0
2025-07-01,Indicator,MACD_Trend,Bullish,Bullish,Bullish,Neutral,Negative,0.0,-0.00860377956277436,-0.015594213705526383,0,-1,-1,FCL,,0,0,0
2025-07-01,Indicator,CMF_State,Negative,Bullish,Bullish,Neutral,Negative,0.0,-0.00860377956277436,-0.015594213705526383,0,-1,-1,FCL,,0,0,0
2025-07-02,Indicator,EMA_Trend,Bullish,Bullish,Bullish,Neutral,Negative,-0.00860377956277436,-0.015594213705526383,-0.02688653762966553,-1,-1,-1,FCL,,0,0,0
2025-07-02,Indicator,MACD_Trend,Bullish,Bullish,Bullish,Neutral,Negative,-0.00860377956277436,-0.015594213705526383,-0.02688653762966553,-1,-1,-1,FCL,,0,0,0
2025-07-02,Indicator,CMF_State,Negative,Bullish,Bullish,Neutral,Negative,-0.00860377956277436,-0.015594213705526383,-0.02688653762966553,-1,-1,-1,FCL,,0,0,0
2025-07-03,Indicator,EMA_Trend,Bullish,Bullish,Bearish,Neutral,Negative,-0.007051100255021203,-0.018441424013930674,-0.02838537672189001,-1,-1,-1,FCL,,0,0,0
2025-07-03,Indicator,MACD_Trend,Bearish,Bullish,Bearish,Neutral,Negative,-0.007051100255021203,-0.018441424013930674,-0.02838537672189001,-1,-1,-1,FCL,,1,1,1
2025-07-03,Indicator,CMF_State,Negative,Bullish,Bearish,Neutral,Negative,-0.007051100255021203,-0.018441424013930674,-0.02838537672189001,-1,-1,-1,FCL,,0,0,0
2025-07-04,Indicator,EMA_Trend,Bullish,Bullish,Bearish,Neutral,Negative,-0.011471208399379762,-0.021485774819175574,-0.005644640481044183,-1,-1,-1,FCL,,0,0,0
2025-07-04,Indicator,MACD_Trend,Bearish,Bullish,Bearish,Neutral,Negative,-0.011471208399379762,-0.021485774819175574,-0.005644640481044183,-1,-1,-1,FCL,,1,1,1
2025-07-04,Indicator,CMF_State,Negative,Bullish,Bearish,Neutral,Negative,-0.011471208399379762,-0.021485774819175574,-0.005644640481044183,-1,-1,-1,FCL,,0,0,0
2025-07-07,Indicator,EMA_Trend,Bullish,Bullish,Bearish,Neutral,Negative,-0.01013077869343626,0.005894181300375889,0.012525303899751705,-1,1,1,FCL,,0,1,1
2025-07-07,Indicator,MACD_Trend,Bearish,Bullish,Bearish,Neutral,Negative,-0.01013077869343626,0.005894181300375889,0.012525303899751705,-1,1,1,FCL,,1,0,0
2025-07-07,Indicator,CMF_State,Negative,Bullish,Bearish,Neutral,Negative,-0.01013077869343626,0.005894181300375889,0.012525303899751705,-1,1,1,FCL,,0,0,0
2025-07-08,Indicator,EMA_Trend,Bullish,Bullish,Bearish,Neutral,Negative,0.01618896683408355,0.022887955404132354,0.008001465570562916,1,1,1,FCL,,1,1,1
2025-07-08,Indicator,MACD_Trend,Bearish,Bullish,Bearish,Neutral,Negative,0.01618896683408355,0.022887955404132354,0.008001465570562916,1,1,1,FCL,,0,0,0
2025-07-08,Indicator,CMF_State,Negative,Bullish,Bearish,Neutral,Negative,0.01618896683408355,0.022887955404132354,0.008001465570562916,1,1,1,FCL,,0,0,0
2025-07-09,Indicator,EMA_Trend,Bullish,Bullish,Bearish,Neutral,Negative,0.006592266584943607,-0.008057065694217047,-0.019959648171035238,1,-1,-1,FCL,,1,0,0
2025-07-09,Indicator,MACD_Trend,Bearish,Bullish,Bearish,Neutral,Negative,0.006592266584943607,-0.008057065694217047,-0.019959648171035238,1,-1,-1,FCL,,0,1,1
2025-07-09,Indicator,CMF_State,Negative,Bullish,Bearish,Neutral,Negative,0.006592266584943607,-0.008057065694217047,-0.019959648171035238,1,-1,-1,FCL,,0,0,0
2025-07-10,Indicator,EMA_Trend,Bullish,Bullish,Bearish,Neutral,Negative,-0.014553392436504109,-0.026378023791163607,-0.014917249454131198,-1,-1,-1,FCL,,0,0,0
2025-07-10,Indicator,MACD_Trend,Bearish,Bullish,Bearish,Neutral,Negative,-0.014553392436504109,-0.026378023791163607,-0.014917249454131198,-1,-1,-1,FCL,,1,1,1
2025-07-10,Indicator,CMF_State,Negative,Bullish,Bearish,Neutral,Negative,-0.014553392436504109,-0.026378023791163607,-0.014917249454131198,-1,-1,-1,FCL,,0,0,0
2025-07-11,Candlestick,CDL_BULLISH_ENGULFING,Bearish,Bullish,Bearish,Neutral,Negative,-0.011999261313503151,-0.000369230575085866,0.03193647296126856,-1,-1,1,FCL,,1,1,0
2025-07-11,Candlestick,CDL_EVENING_STAR,Bearish,Bullish,Bearish,Neutral,Negative,-0.011999261313503151,-0.000369230575085866,0.03193647296126856,-1,-1,1,FCL,,1,1,0
2025-07-11,Indicator,EMA_Trend,Bullish,Bullish,Bearish,Neutral,Negative,-0.011999261313503151,-0.000369230575085866,0.03193647296126856,-1,-1,1,FCL,,0,0,1
2025-07-11,Indicator,MACD_Trend,Bearish,Bullish,Bearish,Neutral,Negative,-0.011999261313503151,-0.000369230575085866,0.03193647296126856,-1,-1,1,FCL,,1,1,0
2025-07-11,Indicator,CMF_State,Negative,Bullish,Bearish,Neutral,Negative,-0.011999261313503151,-0.000369230575085866,0.03193647296126856,-1,-1,1,FCL,,0,0,0
2025-07-14,Candlestick,CDL_THREE_OUTSIDE_UP,Bearish,Bullish,Bearish,Neutral,Negative,0.011771277371592781,0.04446933342699966,0.05082214422018638,1,1,1,FCL,,0,0,0
2025-07-14,Indicator,EMA_Trend,Bullish,Bullish,Bearish,Neutral,Negative,0.011771277371592781,0.04446933342699966,0.05082214422018638,1,1,1,FCL,,1,1,1
2025-07-14,Indicator,MACD_Trend,Bearish,Bullish,Bearish,Neutral,Negative,0.011771277371592781,0.04446933342699966,0.05082214422018638,1,1,1,FCL,,0,0,0
2025-07-14,Indicator,CMF_State,Negative,Bullish,Bearish,Neutral,Negative,0.011771277371592781,0.04446933342699966,0.05082214422018638,1,1,1,FCL,,0,0,0
2025-07-15,Candlestick,CDL_HARAMI,Bullish,Bullish,Bearish,Neutral,Negative,0.03231763619575245,0.03859653631405813,0.027331464068270916,1,1,1,FCL,,1,1,1
2025-07-15,Indicator,EMA_Trend,Bullish,Bullish,Bearish,Neutral,Negative,0.03231763619575245,0.03859653631405813,0.027331464068270916,1,1,1,FCL,,1,1,1
2025-07-15,Indicator,MACD_Trend,Bearish,Bullish,Bearish,Neutral,Negative,0.03231763619575245,0.03859653631405813,0.027331464068270916,1,1,1,FCL,,0,0,0
2025-07-15,Indicator,CMF_State,Negative,Bullish,Bearish,Neutral,Negative,0.03231763619575245,0.03859653631405813,0.027331464068270916,1,1,1,FCL,,0,0,0
2025-07-16,Candlestick,CDL_THREE_INSIDE_UP,Bullish,Bullish,Bearish,Neutral,Negative,0.006082333477750446,-0.004830075504528186,-0.015384571710085004,1,-1,-1,FCL,,1,0,0
2025-07-16,Indicator,EMA_Trend,Bullish,Bullish,Bearish,Neutral,Negative,0.006082333477750446,-0.004830075504528186,-0.015384571710085004,1,-1,-1,FCL,,1,0,0
2025-07-16,Indicator,MACD_Trend,Bearish,Bullish,Bearish,Neutral,Negative,0.006082333477750446,-0.004830075504528186,-0.015384571710085004,1,-1,-1,FCL,,0,1,1
2025-07-16,Indicator,CMF_State,Negative,Bullish,Bearish,Neutral,Negative,0.006082333477750446,-0.004830075504528186,-0.015384571710085004,1,-1,-1,FCL,,0,0,0
2025-07-17,Indicator,EMA_Trend,Bullish,Bullish,Bearish,Neutral,Negative,-0.01084643733337154,-0.021337125674029345,-0.006045562351468248,-1,-1,-1,FCL,,0,0,0
2025-07-17,Indicator,MACD_Trend,Bearish,Bullish,Bearish,Neutral,Negative,-0.01084643733337154,-0.021337125674029345,-0.006045562351468248,-1,-1,-1,FCL,,1,1,1
2025-07-17,Indicator,CMF_State,Negative,Bullish,Bearish,Neutral,Negative,-0.01084643733337154,-0.021337125674029345,-0.006045562351468248,-1,-1,-1,FCL,,0,0,0
2025-07-18,Indicator,EMA_Trend,Bullish,Bullish,Bearish,Neutral,Negative,-0.01060572264672055,0.0048535183646922775,-0.01114508779989154,-1,1,-1,FCL,,0,1,0
2025-07-18,Indicator,MACD_Trend,Bearish,Bullish,Bearish,Neutral,Negative,-0.01060572264672055,0.0048535183646922775,-0.01114508779989154,-1,1,-1,FCL,,1,0,1
2025-07-18,Indicator,CMF_State,Negative,Bullish,Bearish,Neutral,Negative,-0.01060572264672055,0.0048535183646922775,-0.01114508779989154,-1,1,-1,FCL,,0,0,0
2025-07-21,Indicator,EMA_Trend,Bullish,Bullish,Bearish,Neutral,Negative,0.015624954949979841,-0.0005451468292437811,0.0027252905767889413,1,-1,1,FCL,,1,0,1
2025-07-21,Indicator,MACD_Trend,Bearish,Bullish,Bearish,Neutral,Negative,0.015624954949979841,-0.0005451468292437811,0.0027252905767889413,1,-1,1,FCL,,0,1,0
2025-07-21,Indicator,CMF_State,Negative,Bullish,Bearish,Neutral,Negative,0.015624954949979841,-0.0005451468292437811,0.0027252905767889413,1,-1,1,FCL,,0,0,0
2025-07-22,Indicator,EMA_Trend,Bullish,Bullish,Bearish,Neutral,Negative,-0.01592133168884169,-0.012701208561605504,-0.03506256813226749,-1,-1,-1,FCL,,0,0,0
2025-07-22,Indicator,MACD_Trend,Bearish,Bullish,Bearish,Neutral,Negative,-0.01592133168884169,-0.012701208561605504,-0.03506256813226749,-1,-1,-1,FCL,,1,1,1
2025-07-22,Indicator,CMF_State,Negative,Bullish,Bearish,Neutral,Negative,-0.01592133168884169,-0.012701208561605504,-0.03506256813226749,-1,-1,-1,FCL,,0,0,0
2025-07-23,Candlestick,CDL_BULLISH_ENGULFING,Bearish,Bullish,Bearish,Neutral,Negative,0.0032722212470699397,-0.019450921008454802,-0.045082692044392636,1,-1,-1,FCL,,0,1,1
2025-07-23,Indicator,EMA_Trend,Bullish,Bullish,Bearish,Neutral,Negative,0.0032722212470699397,-0.019450921008454802,-0.045082692044392636,1,-1,-1,FCL,,1,0,0
2025-07-23,Indicator,MACD_Trend,Bearish,Bullish,Bearish,Neutral,Negative,0.0032722212470699397,-0.019450921008454802,-0.045082692044392636,1,-1,-1,FCL,,0,1,1
2025-07-23,Indicator,CMF_State,Negative,Bullish,Bearish,Neutral,Negative,0.0032722212470699397,-0.019450921008454802,-0.045082692044392636,1,-1,-1,FCL,,0,0,0
2025-07-24,Indicator,EMA_Trend,Bullish,Bullish,Bearish,Neutral,Negative,-0.022649029619578154,-0.048197201385041244,-0.03877518294510374,-1,-1,-1,FCL,,0,0,0
2025-07-24,Indicator,MACD_Trend,Bearish,Bullish,Bearish,Neutral,Negative,-0.022649029619578154,-0.048197201385041244,-0.03877518294510374,-1,-1,-1,FCL,,1,1,1
2025-07-24,Indicator,CMF_State,Negative,Bullish,Bearish,Neutral,Negative,-0.022649029619578154,-0.048197201385041244,-0.03877518294510374,-1,-1,-1,FCL,,0,0,0
2025-07-25,Candlestick,CDL_BULLISH_ENGULFING,Bearish,Bullish,Bearish,Neutral,Negative,-0.026140222437717298,-0.016499859123533356,-0.012606689878280508,-1,-1,-1,FCL,,1,1,1
2025-07-25,Indicator,EMA_Trend,Bullish,Bullish,Bearish,Neutral,Negative,-0.026140222437717298,-0.016499859123533356,-0.012606689878280508,-1,-1,-1,FCL,,0,0,0
2025-07-25,Indicator,MACD_Trend,Bearish,Bullish,Bearish,Neutral,Negative,-0.026140222437717298,-0.016499859123533356,-0.012606689878280508,-1,-1,-1,FCL,,1,1,1
2025-07-25,Indicator,CMF_State,Negative,Bullish,Bearish,Neutral,Negative,-0.026140222437717298,-0.016499859123533356,-0.012606689878280508,-1,-1,-1,FCL,,0,0,0
2025-07-28,Candlestick,CDL_THREE_OUTSIDE_UP,Bearish,Bullish,Bearish,Neutral,Negative,0.00989912874142429,0.013896797948995676,-0.0068531804104216,1,1,-1,FCL,,0,0,1
2025-07-28,Indicator,EMA_Trend,Bullish,Bullish,Bearish,Neutral,Negative,0.00989912874142429,0.013896797948995676,-0.0068531804104216,1,1,-1,FCL,,1,1,0
2025-07-28,Indicator,MACD_Trend,Bearish,Bullish,Bearish,Neutral,Negative,0.00989912874142429,0.013896797948995676,-0.0068531804104216,1,1,-1,FCL,,0,0,1
2025-07-28,Indicator,CMF_State,Negative,Bullish,Bearish,Neutral,Negative,0.00989912874142429,0.013896797948995676,-0.0068531804104216,1,1,-1,FCL,,0,0,0
2025-07-29,Indicator,EMA_Trend,Bullish,Bullish,Bearish,Neutral,Negative,0.003958483668119683,-0.016588101400506594,-0.03788879567109449,1,-1,-1,FCL,,1,0,0
2025-07-29,Indicator,MACD_Trend,Bearish,Bullish,Bearish,Neutral,Negative,0.003958483668119683,-0.016588101400506594,-0.03788879567109449,1,-1,-1,FCL,,0,1,1
2025-07-29,Indicator,CMF_State,Negative,Bullish,Bearish,Neutral,Negative,0.003958483668119683,-0.016588101400506594,-0.03788879567109449,1,-1,-1,FCL,,0,0,0
2025-07-30,Indicator,EMA_Trend,Bullish,Bullish,Bearish,Neutral,Negative,-0.02046557243438607,-0.04168228071176672,-0.052384462369177376,-1,-1,-1,FCL,,0,0,0
2025-07-30,Indicator,MACD_Trend,Bearish,Bullish,Bearish,Neutral,Negative,-0.02046557243438607,-0.04168228071176672,-0.052384462369177376,-1,-1,-1,FCL,,1,1,1
2025-07-30,Indicator,CMF_State,Negative,Bullish,Bearish,Neutral,Negative,-0.02046557243438607,-0.04168228071176672,-0.052384462369177376,-1,-1,-1,FCL,,0,0,0
2025-07-31,Indicator,EMA_Trend,Bullish,Bullish,Bearish,Neutral,Negative,-0.021659992421205088,-0.03258577650416805,-0.046386834657438536,-1,-1,-1,FCL,,0,0,0
2025-07-31,Indicator,MACD_Trend,Bearish,Bullish,Bearish,Neutral,Negative,-0.021659992421205088,-0.03258577650416805,-0.046386834657438536,-1,-1,-1,FCL,,1,1,1
2025-07-31,Indicator,CMF_State,Negative,Bullish,Bearish,Neutral,Negative,-0.021659992421205088,-0.03258577650416805,-0.046386834657438536,-1,-1,-1,FCL,,0,0,0
2025-08-01,Indicator,EMA_Trend,Bullish,Bullish,Bearish,Neutral,Negative,-0.011167675857396642,-0.02527428301478518,-0.06896548219119336,-1,-1,-1,FCL,,0,0,0
2025-08-01,Indicator,MACD_Trend,Bearish,Bullish,Bearish,Neutral,Negative,-0.011167675857396642,-0.02527428301478518,-0.06896548219119336,-1,-1,-1,FCL,,1,1,1
2025-08-01,Indicator,CMF_State,Negative,Bullish,Bearish,Neutral,Negative,-0.011167675857396642,-0.02527428301478518,-0.06896548219119336,-1,-1,-1,FCL,,0,0,0
2025-08-04,Indicator,EMA_Trend,Bullish,Bullish,Bearish,Neutral,Negative,-0.014265924376632877,-0.058450563278169554,-0.057261786635755874,-1,-1,-1,FCL,,0,0,0
2025-08-04,Indicator,MACD_Trend,Bearish,Bullish,Bearish,Neutral,Negative,-0.014265924376632877,-0.058450563278169554,-0.057261786635755874,-1,-1,-1,FCL,,1,1,1
2025-08-04,Indicator,CMF_State,Negative,Bullish,Bearish,Neutral,Negative,-0.014265924376632877,-0.058450563278169554,-0.057261786635755874,-1,-1,-1,FCL,,0,0,0
2025-08-05,Indicator,EMA_Trend,Bullish,Bullish,Bearish,Neutral,Negative,-0.044824096066268915,-0.04361811498900747,-0.05286429707129403,-1,-1,-1,FCL,,0,0,0
2025-08-05,Indicator,MACD_Trend,Bearish,Bullish,Bearish,Neutral,Negative,-0.044824096066268915,-0.04361811498900747,-0.05286429707129403,-1,-1,-1,FCL,,1,1,1
2025-08-05,Indicator,CMF_State,Negative,Bullish,Bearish,Neutral,Negative,-0.044824096066268915,-0.04361811498900747,-0.05286429707129403,-1,-1,-1,FCL,,0,0,0
2025-08-06,Indicator,EMA_Trend,Bearish,Bearish,Bearish,Oversold,Negative,0.0012625748537991033,-0.008417508201277846,-0.02209595902835426,1,-1,-1,FCL,,0,1,1
2025-08-06,Indicator,MACD_Trend,Bearish,Bearish,Bearish,Oversold,Negative,0.0012625748537991033,-0.008417508201277846,-0.02209595902835426,1,-1,-1,FCL,,0,1,1
2025-08-06,Indicator,RSI_State,Oversold,Bearish,Bearish,Oversold,Negative,0.0012625748537991033,-0.008417508201277846,-0.02209595902835426,1,-1,-1,FCL,,0,0,0
2025-08-06,Indicator,CMF_State,Negative,Bearish,Bearish,Oversold,Negative,0.0012625748537991033,-0.008417508201277846,-0.02209595902835426,1,-1,-1,FCL,,0,0,0
2025-08-07,Indicator,EMA_Trend,Bearish,Bearish,Bearish,Oversold,Negative,-0.00966787663714519,-0.023329079173426637,-0.041193728643948546,-1,-1,-1,FCL,,1,1,1
2025-08-07,Indicator,MACD_Trend,Bearish,Bearish,Bearish,Oversold,Negative,-0.00966787663714519,-0.023329079173426637,-0.041193728643948546,-1,-1,-1,FCL,,1,1,1
2025-08-07,Indicator,RSI_State,Oversold,Bearish,Bearish,Oversold,Negative,-0.00966787663714519,-0.023329079173426637,-0.041193728643948546,-1,-1,-1,FCL,,0,0,0
2025-08-07,Indicator,CMF_State,Negative,Bearish,Bearish,Oversold,Negative,-0.00966787663714519,-0.023329079173426637,-0.041193728643948546,-1,-1,-1,FCL,,0,0,0
2025-08-08,Candlestick,CDL_BULLISH_ENGULFING,Bearish,Bearish,Bearish,Oversold,Negative,-0.013794566705452649,-0.03183361547412156,0.0023344133222440444,-1,-1,1,FCL,,1,1,0
2025-08-08,Indicator,EMA_Trend,Bearish,Bearish,Bearish,Oversold,Negative,-0.013794566705452649,-0.03183361547412156,0.0023344133222440444,-1,-1,1,FCL,,1,1,0
2025-08-08,Indicator,MACD_Trend,Bearish,Bearish,Bearish,Oversold,Negative,-0.013794566705452649,-0.03183361547412156,0.0023344133222440444,-1,-1,1,FCL,,1,1,0
2025-08-08,Indicator,RSI_State,Oversold,Bearish,Bearish,Oversold,Negative,-0.013794566705452649,-0.03183361547412156,0.0023344133222440444,-1,-1,1,FCL,,0,0,0
2025-08-08,Indicator,CMF_State,Negative,Bearish,Bearish,Oversold,Negative,-0.013794566705452649,-0.03183361547412156,0.0023344133222440444,-1,-1,1,FCL,,0,0,0
2025-08-11,Candlestick,CDL_THREE_OUTSIDE_UP,Bearish,Bearish,Bearish,Oversold,Negative,-0.01829137029635608,0.016354584433605934,0.006240572025620006,-1,1,1,FCL,,1,0,0
2025-08-11,Indicator,EMA_Trend,Bearish,Bearish,Bearish,Oversold,Negative,-0.01829137029635608,0.016354584433605934,0.006240572025620006,-1,1,1,FCL,,1,0,0
2025-08-11,Indicator,MACD_Trend,Bearish,Bearish,Bearish,Oversold,Negative,-0.01829137029635608,0.016354584433605934,0.006240572025620006,-1,1,1,FCL,,1,0,0
2025-08-11,Indicator,RSI_State,Oversold,Bearish,Bearish,Oversold,Negative,-0.01829137029635608,0.016354584433605934,0.006240572025620006,-1,1,1,FCL,,0,0,0
2025-08-11,Indicator,CMF_State,Negative,Bearish,Bearish,Oversold,Negative,-0.01829137029635608,0.016354584433605934,0.006240572025620006,-1,1,1,FCL,,0,0,0
2025-08-12,Indicator,EMA_Trend,Bearish,Bearish,Bearish,Oversold,Negative,0.03529148433830187,0.024989025847090396,0.06904866101955465,1,1,1,FCL,,0,0,0
2025-08-12,Indicator,MACD_Trend,Bearish,Bearish,Bearish,Oversold,Negative,0.03529148433830187,0.024989025847090396,0.06904866101955465,1,1,1,FCL,,0,0,0
2025-08-12,Indicator,RSI_State,Oversold,Bearish,Bearish,Oversold,Negative,0.03529148433830187,0.024989025847090396,0.06904866101955465,1,1,1,FCL,,0,0,0
2025-08-12,Indicator,CMF_State,Negative,Bearish,Bearish,Oversold,Negative,0.03529148433830187,0.024989025847090396,0.06904866101955465,1,1,1,FCL,,0,0,0
2025-08-13,Indicator,EMA_Trend,Bearish,Bearish,Bearish,Neutral,Negative,-0.009951263626780782,0.032606446775545805,0.08977350309110821,-1,1,1,FCL,,1,0,0
2025-08-13,Indicator,MACD_Trend,Bearish,Bearish,Bearish,Neutral,Negative,-0.009951263626780782,0.032606446775545805,0.08977350309110821,-1,1,1,FCL,,1,0,0
2025-08-13,Indicator,CMF_State,Negative,Bearish,Bearish,Neutral,Negative,-0.009951263626780782,0.032606446775545805,0.08977350309110821,-1,1,1,FCL,,0,0,0
2025-08-14,Indicator,EMA_Trend,Bearish,Bearish,Bearish,Neutral,Negative,0.04298547014788934,0.10072712893226266,0.0876817781540482,1,1,1,FCL,,0,0,0
2025-08-14,Indicator,MACD_Trend,Bearish,Bearish,Bearish,Neutral,Negative,0.04298547014788934,0.10072712893226266,0.0876817781540482,1,1,1,FCL,,0,0,0
2025-08-14,Indicator,CMF_State,Negative,Bearish,Bearish,Neutral,Negative,0.04298547014788934,0.10072712893226266,0.0876817781540482,1,1,1,FCL,,0,0,0
2025-08-18,Indicator,EMA_Trend,Bearish,Bearish,Bearish,Neutral,Negative,0.05536190142340702,0.042854200068406456,0.03608770790529792,1,1,1,FCL,,0,0,0
2025-08-18,Indicator,MACD_Trend,Bearish,Bearish,Bearish,Neutral,Negative,0.05536190142340702,0.042854200068406456,0.03608770790529792,1,1,1,FCL,,0,0,0
2025-08-18,Indicator,CMF_State,Negative,Bearish,Bearish,Neutral,Negative,0.05536190142340702,0.042854200068406456,0.03608770790529792,1,1,1,FCL,,0,0,0
2025-08-19,Indicator,EMA_Trend,Bearish,Bearish,Bullish,Neutral,Negative,-0.01185157559518768,-0.01826311286404514,-0.008937256643517077,-1,-1,-1,FCL,,1,1,1
2025-08-19,Indicator,MACD_Trend,Bullish,Bearish,Bullish,Neutral,Negative,-0.01185157559518768,-0.01826311286404514,-0.008937256643517077,-1,-1,-1,FCL,,0,0,0
2025-08-19,Indicator,CMF_State,Negative,Bearish,Bullish,Neutral,Negative,-0.01185157559518768,-0.01826311286404514,-0.008937256643517077,-1,-1,-1,FCL,,0,0,0
2025-08-20,Candlestick,CDL_HARAMI,Bearish,Bearish,Bullish,Neutral,Negative,-0.006488435452112751,0.002949272477387188,-0.010420798755295557,-1,1,-1,FCL,,1,0,1
2025-08-20,Indicator,EMA_Trend,Bearish,Bearish,Bullish,Neutral,Negative,-0.006488435452112751,0.002949272477387188,-0.010420798755295557,-1,1,-1,FCL,,1,0,1
2025-08-20,Indicator,MACD_Trend,Bullish,Bearish,Bullish,Neutral,Negative,-0.006488435452112751,0.002949272477387188,-0.010420798755295557,-1,1,-1,FCL,,0,1,0
2025-08-20,Indicator,CMF_State,Negative,Bearish,Bullish,Neutral,Negative,-0.006488435452112751,0.002949272477387188,-0.010420798755295557,-1,1,-1,FCL,,0,0,0
2025-08-21,Indicator,EMA_Trend,Bearish,Bearish,Bullish,Neutral,Negative,0.009499343808639704,-0.003958044821523843,-0.044330089922072435,1,-1,-1,FCL,,0,1,1
2025-08-21,Indicator,MACD_Trend,Bullish,Bearish,Bullish,Neutral,Negative,0.009499343808639704,-0.003958044821523843,-0.044330089922072435,1,-1,-1,FCL,,1,0,0
2025-08-21,Indicator,CMF_State,Negative,Bearish,Bullish,Neutral,Negative,0.009499343808639704,-0.003958044821523843,-0.044330089922072435,1,-1,-1,FCL,,0,0,0
2025-08-22,Candlestick,CDL_BULLISH_ENGULFING,Bullish,Bearish,Bullish,Neutral,Negative,-0.013330755203258882,-0.053322901159721825,-0.053322901159721825,-1,-1,-1,FCL,,0,0,0
2025-08-22,Indicator,EMA_Trend,Bearish,Bearish,Bullish,Neutral,Negative,-0.013330755203258882,-0.053322901159721825,-0.053322901159721825,-1,-1,-1,FCL,,1,1,1
2025-08-22,Indicator,MACD_Trend,Bullish,Bearish,Bullish,Neutral,Negative,-0.013330755203258882,-0.053322901159721825,-0.053322901159721825,-1,-1,-1,FCL,,0,0,0
2025-08-22,Indicator,CMF_State,Negative,Bearish,Bullish,Neutral,Negative,-0.013330755203258882,-0.053322901159721825,-0.053322901159721825,-1,-1,-1,FCL,,0,0,0
2025-08-25,Indicator,EMA_Trend,Bearish,Bearish,Bullish,Neutral,Negative,-0.0405324744511536,-0.0405324744511536,-0.05901049554896909,-1,-1,-1,FCL,,1,1,1
2025-08-25,Indicator,MACD_Trend,Bullish,Bearish,Bullish,Neutral,Negative,-0.0405324744511536,-0.0405324744511536,-0.05901049554896909,-1,-1,-1,FCL,,0,0,0
2025-08-25,Indicator,CMF_State,Negative,Bearish,Bullish,Neutral,Negative,-0.0405324744511536,-0.0405324744511536,-0.05901049554896909,-1,-1,-1,FCL,,0,0,0
2025-08-26,Indicator,EMA_Trend,Bearish,Bearish,Bullish,Neutral,Negative,0.0,-0.019258620647160996,-0.012424932855323645,0,-1,-1,FCL,,0,1,1
2025-08-26,Indicator,MACD_Trend,Bullish,Bearish,Bullish,Neutral,Negative,0.0,-0.019258620647160996,-0.012424932855323645,0,-1,-1,FCL,,0,0,0
2025-08-26,Indicator,CMF_State,Negative,Bearish,Bullish,Neutral,Negative,0.0,-0.019258620647160996,-0.012424932855323645,0,-1,-1,FCL,,0,0,0
2025-08-27,Candlestick,CDL_HARAMI,Bullish,Bearish,Bullish,Neutral,Negative,-0.019258620647160996,-0.012424932855323645,-0.006543805554047655,-1,-1,-1,FCL,,0,0,0
2025-08-27,Candlestick,CDL_HARAMI_CROSS,Bullish,Bearish,Bullish,Neutral,Negative,-0.019258620647160996,-0.012424932855323645,-0.006543805554047655,-1,-1,-1,FCL,,0,0,0
2025-08-27,Indicator,EMA_Trend,Bearish,Bearish,Bullish,Neutral,Negative,-0.019258620647160996,-0.012424932855323645,-0.006543805554047655,-1,-1,-1,FCL,,1,1,1
2025-08-27,Indicator,MACD_Trend,Bullish,Bearish,Bullish,Neutral,Negative,-0.019258620647160996,-0.012424932855323645,-0.006543805554047655,-1,-1,-1,FCL,,0,0,0
2025-08-27,Indicator,CMF_State,Negative,Bearish,Bullish,Neutral,Negative,-0.019258620647160996,-0.012424932855323645,-0.006543805554047655,-1,-1,-1,FCL,,0,0,0
2025-08-28,Indicator,EMA_Trend,Bearish,Bearish,Bullish,Neutral,Negative,0.006967879540625388,0.012964493352471296,0.02326855758372437,1,1,1,FCL,,0,0,0
2025-08-28,Indicator,MACD_Trend,Bullish,Bearish,Bullish,Neutral,Negative,0.006967879540625388,0.012964493352471296,0.02326855758372437,1,1,1,FCL,,1,1,1
2025-08-28,Indicator,CMF_State,Negative,Bearish,Bullish,Neutral,Negative,0.006967879540625388,0.012964493352471296,0.02326855758372437,1,1,1,FCL,,0,0,0
2025-08-29,Indicator,EMA_Trend,Bearish,Bearish,Bullish,Neutral,Negative,0.0059551192582045775,0.016187882825552613,0.007464872308986514,1,1,1,FCL,,0,0,0
2025-08-29,Indicator,MACD_Trend,Bullish,Bearish,Bullish,Neutral,Negative,0.0059551192582045775,0.016187882825552613,0.007464872308986514,1,1,1,FCL,,1,1,1
2025-08-29,Indicator,CMF_State,Negative,Bearish,Bullish,Neutral,Negative,0.0059551192582045775,0.016187882825552613,0.007464872308986514,1,1,1,FCL,,0,0,0
2025-09-01,Indicator,EMA_Trend,Bearish,Bearish,Bullish,Neutral,Negative,0.010172186980760944,0.0015008155154030423,-0.009505143726638132,1,1,-1,FCL,,0,0,1
2025-09-01,Indicator,MACD_Trend,Bullish,Bearish,Bullish,Neutral,Negative,0.010172186980760944,0.0015008155154030423,-0.009505143726638132,1,1,-1,FCL,,1,1,0
2025-09-01,Indicator,CMF_State,Negative,Bearish,Bullish,Neutral,Negative,0.010172186980760944,0.0015008155154030423,-0.009505143726638132,1,1,-1,FCL,,0,0,0
2025-09-02,Indicator,EMA_Trend,Bearish,Bearish,Bullish,Neutral,Negative,-0.008584052874465953,-0.019479184797406957,-0.02253308369481466,-1,-1,-1,FCL,,1,1,1
2025-09-02,Indicator,MACD_Trend,Bullish,Bearish,Bullish,Neutral,Negative,-0.008584052874465953,-0.019479184797406957,-0.02253308369481466,-1,-1,-1,FCL,,0,0,0
2025-09-02,Indicator,CMF_State,Negative,Bearish,Bullish,Neutral,Negative,-0.008584052874465953,-0.019479184797406957,-0.02253308369481466,-1,-1,-1,FCL,,0,0,0
2025-09-03,Indicator,EMA_Trend,Bearish,Bearish,Bullish,Neutral,Negative,-0.01098946608084106,-0.014069806785730887,-0.017150211008038374,-1,-1,-1,FCL,,1,1,1
2025-09-03,Indicator,MACD_Trend,Bullish,Bearish,Bullish,Neutral,Negative,-0.01098946608084106,-0.014069806785730887,-0.017150211008038374,-1,-1,-1,FCL,,0,0,0
2025-09-03,Indicator,CMF_State,Negative,Bearish,Bullish,Neutral,Negative,-0.01098946608084106,-0.014069806785730887,-0.017150211008038374,-1,-1,-1,FCL,,0,0,0
2025-09-04,Indicator,EMA_Trend,Bearish,Bearish,Bullish,Neutral,Negative,-0.00311456814588551,-0.006229200514967226,0.009680555104209176,-1,-1,1,FCL,,1,1,0
2025-09-04,Indicator,MACD_Trend,Bullish,Bearish,Bullish,Neutral,Negative,-0.00311456814588551,-0.006229200514967226,0.009680555104209176,-1,-1,1,FCL,,0,0,1
2025-09-04,Indicator,CMF_State,Negative,Bearish,Bullish,Neutral,Negative,-0.00311456814588551,-0.006229200514967226,0.009680555104209176,-1,-1,1,FCL,,0,0,0
2025-09-05,Indicator,EMA_Trend,Bearish,Bearish,Bullish,Neutral,Negative,-0.003124363411840414,0.012835099040716225,0.023221447575543674,-1,1,1,FCL,,1,0,0
2025-09-05,Indicator,MACD_Trend,Bullish,Bearish,Bullish,Neutral,Negative,-0.003124363411840414,0.012835099040716225,0.023221447575543674,-1,1,1,FCL,,0,1,1
2025-09-05,Indicator,CMF_State,Negative,Bearish,Bullish,Neutral,Negative,-0.003124363411840414,0.012835099040716225,0.023221447575543674,-1,1,1,FCL,,0,0,0
2025-09-08,Indicator,EMA_Trend,Bearish,Bearish,Bullish,Neutral,Negative,0.016009481892022448,0.026428382859825517,0.01778830603271775,1,1,1,FCL,,0,0,0
2025-09-08,Indicator,MACD_Trend,Bullish,Bearish,Bullish,Neutral,Negative,0.016009481892022448,0.026428382859825517,0.01778830603271775,1,1,1,FCL,,1,1,1
2025-09-08,Indicator,CMF_State,Negative,Bearish,Bullish,Neutral,Negative,0.016009481892022448,0.026428382859825517,0.01778830603271775,1,1,1,FCL,,0,0,0
2025-09-09,Indicator,EMA_Trend,Bearish,Bearish,Bullish,Neutral,Negative,0.01025472808423089,0.0017507948226849201,-0.012339016721823914,1,1,-1,FCL,,0,0,1
2025-09-09,Indicator,MACD_Trend,Bullish,Bearish,Bullish,Neutral,Negative,0.01025472808423089,0.0017507948226849201,-0.012339016721823914,1,1,-1,FCL,,1,1,0
2025-09-09,Indicator,CMF_State,Negative,Bearish,Bullish,Neutral,Negative,0.01025472808423089,0.0017507948226849201,-0.012339016721823914,1,1,-1,FCL,,0,0,0
2025-09-10,Indicator,EMA_Trend,Bearish,Bearish,Bullish,Neutral,Negative,-0.00841761292983223,-0.02236440392503758,-0.020259969211686824,-1,-1,-1,FCL,,1,1,1
2025-09-10,Indicator,MACD_Trend,Bullish,Bearish,Bullish,Neutral,Negative,-0.00841761292983223,-0.02236440392503758,-0.020259969211686824,-1,-1,-1,FCL,,0,0,0
2025-09-10,Indicator,CMF_State,Negative,Bearish,Bullish,Neutral,Negative,-0.00841761292983223,-0.02236440392503758,-0.020259969211686824,-1,-1,-1,FCL,,0,0,0
2025-09-11,Indicator,EMA_Trend,Bearish,Bearish,Bullish,Neutral,Negative,-0.014065186289173637,-0.01194288688088263,-0.006408361290742071,-1,-1,-1,FCL,,1,1,1
2025-09-11,Indicator,MACD_Trend,Bullish,Bearish,Bullish,Neutral,Negative,-0.014065186289173637,-0.01194288688088263,-0.006408361290742071,-1,-1,-1,FCL,,0,0,0
2025-09-11,Indicator,CMF_State,Negative,Bearish,Bullish,Neutral,Negative,-0.014065186289173637,-0.01194288688088263,-0.006408361290742071,-1,-1,-1,FCL,,0,0,0
2025-09-12,Indicator,EMA_Trend,Bearish,Bearish,Bullish,Neutral,Negative,0.0021525757877471907,0.007766056023128964,0.0063309840305976195,1,1,1,FCL,,0,0,0
2025-09-12,Indicator,MACD_Trend,Bullish,Bearish,Bullish,Neutral,Negative,0.0021525757877471907,0.007766056023128964,0.0063309840305976195,1,1,1,FCL,,1,1,1
2025-09-12,Indicator,CMF_State,Negative,Bearish,Bullish,Neutral,Negative,0.0021525757877471907,0.007766056023128964,0.0063309840305976195,1,1,1,FCL,,0,0,0
2025-09-15,Candlestick,CDL_HARAMI,Bullish,Bearish,Bullish,Neutral,Negative,0.0056014227483967005,0.004169433221848484,0.0005896200648960459,1,1,1,FCL,,1,1,1
2025-09-15,Candlestick,CDL_HARAMI_CROSS,Bullish,Bearish,Bullish,Neutral,Negative,0.0056014227483967005,0.004169433221848484,0.0005896200648960459,1,1,1,FCL,,1,1,1
2025-09-15,Indicator,EMA_Trend,Bearish,Bearish,Bullish,Neutral,Negative,0.0056014227483967005,0.004169433221848484,0.0005896200648960459,1,1,1,FCL,,0,0,0
2025-09-15,Indicator,MACD_Trend,Bullish,Bearish,Bullish,Neutral,Negative,0.0056014227483967005,0.004169433221848484,0.0005896200648960459,1,1,1,FCL,,1,1,1
2025-09-15,Indicator,CMF_State,Negative,Bearish,Bullish,Neutral,Negative,0.0056014227483967005,0.004169433221848484,0.0005896200648960459,1,1,1,FCL,,0,0,0
